miRNA ID:	hsa-miR-125a
Survival:	OS
Auto select best cutoff:	checked
Follow up threshold:	all
Censore at threshold:	checked
Cutoff value used in analysis:	1101
Expression range of the probe:	80 - 5905
Invert HR values below 1:	not checked

Dataset
Dataset:	TCGA

Restrictions
IHC:	all
Gene chip:	all
IHC:	all
IHC:	all
Gene chip:	all
Molecular subtype:	all
Grade:	all
Lymph node status:	all

Cohort
Cohorts:	do not use cohorts

Results
P value:	0.0024
FDR:	over 50%



p values vs. cutoff table
"cutoff value" "p value"
603 0.759330595216549
603 0.759926493037642
604 0.764300780769783
604 0.824740672240538
606 0.782962918767247
606 0.786072693984348
607 0.791901529056817
608 0.79752100857573
608 0.683843141094653
609 0.585896702183723
610 0.70840650096344
611 0.828674949259959
612 0.836356097991715
614 0.901929913448538
615 0.759492003116861
615 0.888368105932642
618 0.888511713956536
621 0.922762573573721
623 0.985654866023591
624 0.987926065035647
625 0.992035157599367
628 0.993527604697339
628 0.995327443026487
628 0.995327443026483
628 0.995618208680129
629 0.955282618893716
630 0.931246540255072
630 0.933504869130964
630 0.934088983065892
631 0.93817605420296
631 0.7978552569379
631 0.814939687799843
632 0.821918104317359
632 0.824605001359048
635 0.701830780027201
636 0.725334607172971
637 0.759978191311463
637 0.787770646334765
637 0.850808778473136
639 0.857293006875894
639 0.859047845193737
639 0.842280086252137
639 0.846077324827062
640 0.849703571643691
641 0.856870868043295
642 0.877633555020493
642 0.881272636408926
642 0.884912791372821
642 0.888060244200779
642 0.951453273205683
642 0.921539836707973
643 0.790838915671464
644 0.812973278442402
645 0.858836161027311
645 0.873556975406707
645 0.876824196865794
648 0.893649467553031
648 0.899821901798014
650 0.908462124935851
650 0.92904399667753
651 0.833058157525498
653 0.859439786692222
654 0.861597910361888
654 0.919568423552412
654 0.952219504414397
654 0.97453138703078
655 0.981677151638185
657 0.932844056710903
658 0.956048721570303
659 0.963571513715209
659 0.830474935080371
660 0.840984664760367
660 0.847217495517941
662 0.795841366517691
663 0.812042038212473
665 0.812042038212475
666 0.826942288286623
666 0.934828759886989
666 0.938354817357546
667 0.93848972717079
667 0.95862805769715
668 0.965115923694685
668 0.99938200812884
668 0.96485279588028
670 0.954887568249833
670 0.894352063611045
670 0.892255938452337
670 0.88846549375789
670 0.886805421007621
671 0.886673224303946
672 0.979853435510148
673 0.983881931797198
674 0.996116059958693
675 0.992278948079753
675 0.910537497105018
675 0.904399674742385
677 0.898049179921667
678 0.880826185096985
680 0.877393723635023
680 0.839293976698429
680 0.693522660429299
681 0.687043688410729
682 0.682001407959182
682 0.676600952808629
682 0.66542764901188
683 0.662309149216995
683 0.643850210028894
684 0.629545563278438
684 0.579472926803934
687 0.576273738866425
687 0.688260839517436
688 0.656457354219376
688 0.653072284420829
690 0.652343100846406
691 0.637005915389912
693 0.626431206149646
693 0.621070540080511
694 0.664419846492724
694 0.566395327989168
695 0.537513525323513
695 0.520249727877678
696 0.507494413329236
700 0.504529149291428
700 0.499911761752145
700 0.495317899405711
701 0.485839819152223
701 0.460514881566105
702 0.456587822443759
705 0.350802093617675
706 0.348202721475217
706 0.432830045507375
708 0.426934141170513
709 0.421950166729079
710 0.419851707716001
710 0.3671995996987
710 0.361722227696127
711 0.358833154791269
712 0.350111933526495
713 0.347853740392755
713 0.343911255153961
714 0.343829437983756
714 0.343829437983755
718 0.342804154597622
720 0.330532599113333
720 0.321113793864165
722 0.320301501311929
722 0.318074175540946
723 0.316051661877373
724 0.300420852428942
724 0.299322345866033
725 0.295234472481044
725 0.28935412321701
726 0.282795524879264
727 0.259484350273603
727 0.251356547695311
732 0.246107858257379
733 0.239084337798163
733 0.239020708052233
734 0.231359145445891
736 0.299671627065188
736 0.281977698472955
737 0.25361443306952
737 0.328596926241136
737 0.418112545880799
743 0.408765393627991
743 0.370138273685831
744 0.367584062565937
744 0.349284396359669
745 0.434047789277437
747 0.429050534814236
751 0.348278733541727
751 0.33511296651952
751 0.308980801950476
752 0.301982700986773
753 0.299218788517901
757 0.2992187885179
757 0.297102146098026
758 0.297102146098027
759 0.291948253620272
759 0.273844136979876
761 0.268973471355649
761 0.246010291749603
762 0.242578895733412
762 0.240751569532969
764 0.23960490675791
767 0.231952473861291
768 0.230182614094611
770 0.220736980307928
771 0.27606331093993
772 0.246479695822289
772 0.239473542237028
773 0.237744505089109
774 0.237088830392279
775 0.224390844469281
776 0.224390844469279
777 0.217697710993971
777 0.209013592369277
777 0.208956098729888
779 0.208956098729886
779 0.208419982172869
779 0.20812562506781
780 0.206836134069779
781 0.147002276492158
782 0.136112603779063
783 0.133907337538716
785 0.132013003283073
788 0.13171945066792
790 0.119766781100673
790 0.118875746972648
793 0.118799705725171
794 0.117681415103771
794 0.102215567320095
794 0.100574490153108
794 0.139428959999668
794 0.129415407487117
794 0.128650311885708
796 0.12705972596372
796 0.11812563007375
798 0.118088279509958
799 0.117249795675944
799 0.0863984645979393
801 0.0791072947899768
802 0.0753266715689605
802 0.0682061296068064
802 0.0588624663366777
803 0.0501004877857763
803 0.0478835324749202
804 0.0438717198129127
805 0.0374314984251513
807 0.0372031570384322
808 0.0367933703419018
809 0.0224982437786755
810 0.0224888466012593
811 0.022330819668561
811 0.0221634706955995
811 0.0217387577039808
814 0.0215025870451853
818 0.0166307105074813
819 0.0162380340803373
819 0.0158906775109129
823 0.015811313602958
823 0.015605828648145
824 0.0154119163547942
825 0.0147370848359195
825 0.0120924655361842
827 0.00798955369037046
827 0.00707784090320718
828 0.0112663086854378
828 0.0110990906025592
829 0.0109614195537527
831 0.00969355077129451
831 0.00865114258131786
831 0.00694184679069524
833 0.00650956073334827
835 0.00577986877564096
835 0.00936964711278185
835 0.00925630093953378
836 0.00886214041062748
837 0.0134982461754073
837 0.0204133802638228
837 0.0203228424896881
838 0.0199102802346395
838 0.0197475376088118
838 0.0188409014043704
839 0.0181491485961333
841 0.0179252815082951
841 0.0169344994156217
842 0.0161922814886408
843 0.0161332632547772
843 0.020521913809366
844 0.0118041026668389
848 0.0115368000856547
852 0.0113853971112423
852 0.00968365430570136
853 0.0131419235061406
854 0.0129865554700869
855 0.0128180188686342
858 0.0108236200258753
859 0.0171090521528773
860 0.0171090521528771
860 0.0154175269128991
861 0.0148720747436161
861 0.0138181625429371
861 0.0136135292252831
862 0.0124340948130742
863 0.0108489560824378
863 0.010848956082438
866 0.0173039546613317
868 0.026279359035169
869 0.0255672130548779
870 0.0250864772092297
871 0.0245966389717071
872 0.0232001124996518
873 0.0229162373238086
876 0.0206125086644044
876 0.0204100869216072
876 0.0194319887425602
879 0.0192395565705752
879 0.0184634831551958
882 0.0181000781975064
882 0.0175109555669517
883 0.0157610452865742
883 0.0137359509060761
884 0.0136149977628709
886 0.0127061415588314
886 0.0107428043975822
888 0.00912821026880245
890 0.0088551634031578
890 0.00885516340315793
892 0.00865059251233158
894 0.0086505925123315
896 0.00805415103907982
897 0.00795136407216202
897 0.0078399743223447
899 0.00725770662600406
904 0.00716392230798998
906 0.0112597975841695
906 0.0174070175851929
906 0.0164712047652884
908 0.0160761680134495
909 0.0153579919333282
914 0.0151749381309754
915 0.0147943883736112
916 0.0132719416317771
917 0.0120441414223252
917 0.0120441414223248
922 0.0113033464127982
922 0.0111632691047499
923 0.0109182980384882
925 0.00940818185457999
925 0.0094081818545803
926 0.00899875333804682
927 0.00887310890776708
928 0.0127438611301642
929 0.0125559809102487
931 0.0122424197459019
933 0.0120768982572199
933 0.0111737141187581
934 0.0110342216276302
935 0.0103595791944752
936 0.0161847105410573
937 0.0159725057749475
938 0.015780979837309
938 0.0217703410742025
942 0.0194222694598922
944 0.0176857806419208
944 0.0186575189589404
946 0.0186489803043579
953 0.0150640826724079
953 0.014040953069552
954 0.0137661334164515
955 0.011260254217413
956 0.0109899349277546
957 0.0108503060080479
958 0.00999613825765693
958 0.0110021450608423
958 0.0108102417287389
959 0.00997203655211494
960 0.00978167976464118
960 0.00800453688472095
961 0.00782302431935384
961 0.00763880425017517
961 0.00455284243028578
962 0.00758453209733509
964 0.00608365179453606
965 0.00775969071644484
966 0.00751037866647174
966 0.00719306062571204
967 0.0066002083284809
967 0.00640934089103502
969 0.010085364105387
970 0.00998197217804812
973 0.00973222787050842
974 0.00830168895144825
975 0.00809656295161448
975 0.00792858684323764
979 0.00743631770218597
979 0.00725640323039457
979 0.0056548589849644
980 0.00544208141798613
982 0.00520762178631088
983 0.00488223479702237
989 0.00405459877810224
992 0.00541545109530634
994 0.00514385474607048
995 0.00505499930486086
998 0.00485022863581193
998 0.00752900650680728
999 0.00747871263727599
1002 0.0122042797421444
1002 0.019754366543322
1002 0.0170327882563052
1003 0.0135449229466288
1007 0.0131000891719233
1007 0.0129519108874493
1008 0.0124616204457012
1008 0.0121609602766152
1011 0.0119146079103237
1012 0.0117415450604104
1017 0.0111545337697362
1019 0.0106661974539194
1022 0.010596936025696
1022 0.0104474273691071
1023 0.00985508624764804
1023 0.00870972856666585
1024 0.00689652289649541
1025 0.00663525892186192
1026 0.00615270954175563
1028 0.00505866934060051
1030 0.00499081844629611
1030 0.0044336699434864
1030 0.00436731077334259
1032 0.00341344089401749
1034 0.0033608506213511
1034 0.00331594754573604
1036 0.00286238003408051
1036 0.0046183456301222
1038 0.00435786506896998
1039 0.00398563744164402
1039 0.00339838708178056
1041 0.00308068128022113
1042 0.00294111782609524
1042 0.00460554765681976
1045 0.00452917735379445
1046 0.00452917735379446
1049 0.00352948291800494
1050 0.00311348286366487
1052 0.00288890412069621
1052 0.00287421294456189
1054 0.00282398908410662
1059 0.0027888451486788
1059 0.00482164003686827
1060 0.00482164003686834
1061 0.00469219091925559
1062 0.00461382154718848
1063 0.00422376412462497
1064 0.00415548688220863
1064 0.00405703592837924
1065 0.00657149719355397
1069 0.00647437651590081
1069 0.00639139313742041
1070 0.0108968632127118
1071 0.0106370355926482
1072 0.00979261807013312
1073 0.00953858177886985
1075 0.00913686367030286
1075 0.0117136430687282
1078 0.011534583219095
1078 0.0112494456028491
1079 0.0105281872223458
1080 0.0102048010966378
1083 0.00870585139198146
1085 0.00686263575007019
1086 0.00663274781642245
1086 0.00574953504538727
1087 0.00539647983083397
1087 0.00529645834434624
1087 0.00488916880578761
1087 0.00473418197084767
1088 0.00451463020597703
1089 0.00451463020597714
1090 0.00364435359278863
1091 0.00358266042350066
1093 0.00343239604296922
1094 0.00275084147170626
1095 0.00266973127215192
1099 0.00255077914409521
1101 0.00243961507803805
1103 0.00387698390106839
1105 0.00567134924717472
1106 0.00507847449554793
1107 0.00740004691801381
1109 0.0114550643977312
1112 0.0188669815987933
1112 0.030601265051729
1114 0.0306012650517287
1117 0.0426181190324621
1119 0.0408050657081439
1120 0.0380899848318457
1123 0.0359333766537153
1123 0.0354191932402326
1124 0.0349556801927501
1125 0.0259839741428114
1125 0.0254780084364
1127 0.0251084963939519
1127 0.0242432113994996
1127 0.0341181037872307
1128 0.0314874507643476
1130 0.0300584332915913
1130 0.0296302514192545
1132 0.0291450779640881
1132 0.0229944327838853
1135 0.0224005979505909
1135 0.0354699226393244
1136 0.0346105048831641
1136 0.0278781054866406
1136 0.0256771695986086
1137 0.025063588720489
1140 0.0219656391292621
1141 0.0341669649579624
1144 0.033783370302499
1144 0.0277545170375233
1147 0.0177016564447726
1154 0.0162135219075798
1157 0.015791411304972
1158 0.0226062067692811
1159 0.0346928310047767
1159 0.0511655379413357
1161 0.0786618006109763
1162 0.0711740139265498
1162 0.0587400136796364
1163 0.0490609739608272
1164 0.0490609739608273
1165 0.0717312988421586
1165 0.0708840815526977
1166 0.0674112142075277
1167 0.0998676785474078
1168 0.0840906889610375
1169 0.0822481118107285
1169 0.0805594877156538
1170 0.0759419398082982
1175 0.0690607276601499
1177 0.0690286897255001
1179 0.104782886449563
1180 0.102656857512743
1181 0.0822916148368571
1183 0.0814136391185717
1183 0.079775032266541
1184 0.0787872940483758
1184 0.0770725722825798
1186 0.0761537082354178
