miRNA ID:	hsa-miR-200c
Survival:	OS
Auto select best cutoff:	checked
Follow up threshold:	all
Censore at threshold:	checked
Cutoff value used in analysis:	9.76
Expression range of the probe:	6 - 13
Invert HR values below 1:	not checked

Dataset
Dataset:	METABRIC

Restrictions
IHC:	all
Gene chip:	all
IHC:	all
IHC:	all
Gene chip:	all
Molecular subtype:	all
Grade:	all
Lymph node status:	all

Cohort
Cohorts:	do not use cohorts

Results
P value:	0.0002
FDR:	10%


p values vs. cutoff table
"cutoff value" "p value"
8.76 0.0193593594565127
8.76 0.0244492728484974
8.76 0.0244058455666992
8.76 0.0215237270168645
8.76 0.0283509824825245
8.76 0.0373778673266595
8.76 0.0353397098468194
8.76 0.044811311383404
8.76 0.0409081157677642
8.77 0.0461360210610865
8.77 0.0460419993153287
8.77 0.0435817138806272
8.77 0.0389755802242487
8.77 0.034649487068818
8.77 0.0305671634490045
8.77 0.0270746232358324
8.77 0.0349802898299212
8.77 0.0294580477315415
8.78 0.0363306408585936
8.78 0.0324623654616627
8.78 0.0409942522158925
8.78 0.0526965517386262
8.78 0.0461891933780975
8.79 0.0405825098617603
8.79 0.0488710283243195
8.8 0.0440761103000106
8.8 0.0406333985604635
8.8 0.0385897479421923
8.8 0.036442351445423
8.8 0.0322155147779935
8.8 0.0279527656564681
8.8 0.0328077447070259
8.8 0.0274269013530318
8.81 0.0238654565070277
8.81 0.0223889795943631
8.81 0.0197692554792133
8.81 0.0177898505305393
8.82 0.0223592804989948
8.82 0.0206165889721979
8.82 0.0192552522602258
8.82 0.018902509345535
8.82 0.0188686913329281
8.82 0.0163432769633429
8.82 0.021299330672369
8.82 0.025512200327912
8.82 0.0222158713090052
8.83 0.0197964536839608
8.83 0.0178028161189196
8.83 0.0174705283857552
8.83 0.0145406500562329
8.84 0.0171240612010039
8.84 0.0203829485185562
8.84 0.0202828760966477
8.84 0.0195478541355974
8.84 0.0172447254095249
8.84 0.0148013424405291
8.84 0.0118012973789239
8.84 0.0106649553142542
8.84 0.0131252774991755
8.85 0.0157452492306268
8.85 0.0138757681706548
8.85 0.0130438449530487
8.85 0.016151851520542
8.85 0.0140414145284262
8.86 0.0123472381658808
8.86 0.0116393200569315
8.86 0.0105094255917962
8.86 0.0141019811615059
8.86 0.0124788869303104
8.86 0.0105809298080575
8.86 0.00708109110909973
8.87 0.00580246202152038
8.87 0.00569866998104401
8.88 0.00486974140169931
8.88 0.00438356037419114
8.88 0.00569380078205702
8.88 0.00686545805049285
8.88 0.00618337355857162
8.88 0.00537304746470421
8.88 0.00478997400363133
8.88 0.00372994200805634
8.88 0.00340785220493906
8.89 0.00446501375629781
8.89 0.00605399549965265
8.89 0.00759317334167377
8.89 0.00645598468232184
8.89 0.00843096062674557
8.89 0.0066520558895909
8.89 0.00590037874641205
8.9 0.00795504966954357
8.9 0.00762205031825595
8.9 0.00714350168474764
8.9 0.00601015239545052
8.9 0.00509361846471397
8.9 0.00671884419498095
8.9 0.00663106841595103
8.9 0.00633316217375234
8.9 0.00851431163645203
8.91 0.00703850916895669
8.91 0.00655818667746602
8.91 0.00614154103758201
8.91 0.00549369706387517
8.91 0.00547044283936881
8.91 0.005097162348142
8.91 0.00497068196000612
8.91 0.00437490894298878
8.92 0.00376999609587
8.92 0.00359235950204681
8.92 0.00338124112885572
8.92 0.00470910341748984
8.92 0.004058056023367
8.92 0.00342090731006412
8.92 0.00317842486656397
8.93 0.00437442083126897
8.93 0.00401411168837646
8.93 0.0036952486063745
8.93 0.00319759135872573
8.93 0.00270426800545432
8.93 0.00338481504622641
8.94 0.00285622261832823
8.94 0.00285027264833129
8.94 0.00267604221095685
8.95 0.00354156241786403
8.95 0.0029999315451846
8.95 0.0025139885460008
8.95 0.00351433131464526
8.95 0.00303987194582854
8.95 0.00397923861157891
8.95 0.00345058934329765
8.95 0.00337718765877479
8.95 0.00400614099353027
8.95 0.00509674793651551
8.95 0.00442985816069657
8.96 0.00548239003926027
8.96 0.00480165217084422
8.96 0.0037508807593306
8.96 0.00327044158302559
8.96 0.00271426231201676
8.96 0.00325023235528254
8.97 0.00286988427815864
8.97 0.00258102377977785
8.97 0.00338296548385123
8.97 0.00315205382363571
8.97 0.00288669443242003
8.97 0.00279504467013044
8.97 0.00275828020321161
8.97 0.00337696201866997
8.97 0.00289001224196781
8.97 0.00398568014130744
8.97 0.004967311600647
8.98 0.00423689380858496
8.98 0.0039370516181914
8.98 0.00393408937715742
8.98 0.00392615010756574
8.98 0.00345465283682648
8.98 0.00463543888386744
8.98 0.00551118706868578
8.99 0.00548114406341345
8.99 0.00737350256350294
8.99 0.00704461580784216
8.99 0.00650405115438026
8.99 0.00588767412718014
9 0.00587621753012187
9 0.00764242497742933
9 0.00707301187178515
9 0.00701067733694097
9 0.00669436886115731
9 0.00887169811412014
9 0.0108114103009021
9 0.00953458299905082
9 0.00814274635252278
9 0.0105728467115663
9.01 0.0117288679246884
9.01 0.0107651038651125
9.01 0.010113221559983
9.01 0.0130843913978299
9.01 0.0166134324192489
9.01 0.0165697976689446
9.01 0.0162452708575198
9.01 0.0141653531283617
9.02 0.0181602424528961
9.02 0.0159761428426284
9.02 0.0141134184041408
9.02 0.0116243603712626
9.02 0.0139150255169832
9.02 0.0122582161720121
9.03 0.0113698544574328
9.03 0.010482965708093
9.03 0.00986770621602314
9.03 0.0126836294137073
9.03 0.010560784985907
9.03 0.0115920461450617
9.03 0.0145662126253645
9.03 0.0124107972824903
9.03 0.0112451829652424
9.04 0.0112324399081221
9.04 0.0111462779032027
9.04 0.01077244847872
9.04 0.00858610818637434
9.04 0.0102072979326745
9.05 0.00900453840601823
9.05 0.00826222605185432
9.05 0.0101303056554124
9.05 0.0124379558014076
9.05 0.0160686545263529
9.05 0.0181050288058578
9.05 0.0181050288058572
9.05 0.0152362094243944
9.05 0.0141233008191236
9.06 0.012745744567448
9.06 0.0127372223395494
9.06 0.0120688320802459
9.06 0.0104407168131364
9.06 0.0136718957570122
9.06 0.0115760044218094
9.07 0.0135026010396078
9.07 0.012774033556329
9.07 0.0116272235238357
9.07 0.0151231899369275
9.07 0.0133731786862812
9.07 0.011525701515199
9.08 0.00939960378381908
9.08 0.0115844370553282
9.08 0.0110759044367015
9.08 0.0131926853658031
9.08 0.0116699062384165
9.08 0.0102189342503699
9.09 0.0119468343484784
9.09 0.0150000206225176
9.09 0.0194979547751514
9.09 0.0185176626769481
9.09 0.0166898194638773
9.09 0.015907167821596
9.09 0.0143260955772453
9.09 0.0148013118400242
9.1 0.0192542233190178
9.1 0.0240020755245645
9.1 0.0225873693446349
9.1 0.0199257704032967
9.1 0.0177287882642028
9.1 0.0230327457636598
9.1 0.0268463504245014
9.1 0.0232386763075568
9.11 0.0285541656068373
9.11 0.0253071126045571
9.11 0.0305659281939577
9.11 0.025933171619483
9.12 0.0316779584691906
9.12 0.0316779584691913
9.12 0.0298964678682282
9.13 0.0264921713159616
9.13 0.0253391136193165
9.13 0.023652189723139
9.13 0.0211379842258235
9.13 0.0199915751845467
9.13 0.018824615315623
9.13 0.0178506024123255
9.13 0.0228657915572743
9.13 0.027536194188751
9.13 0.0249978197261044
9.13 0.0228852716092749
9.13 0.0197070873158092
9.14 0.0177097181787876
9.14 0.0163484596784823
9.14 0.0157005036019509
9.14 0.0137798431266473
9.15 0.016510310542125
9.15 0.0155117605479435
9.15 0.0152730420163478
9.15 0.0122720314142775
9.15 0.00988335658785302
9.15 0.00942868832174552
9.15 0.00876524644444592
9.16 0.00762451124848846
9.16 0.00709415659334433
9.16 0.00665925379746719
9.16 0.00665925379746712
9.16 0.00580815508497406
9.16 0.00440269783030524
9.17 0.00376995931827565
9.17 0.00466573667144491
9.17 0.00444749378839536
9.17 0.00600171314562928
9.17 0.00510840470254199
9.17 0.00442119395055565
9.18 0.00574141200475678
9.18 0.00525415812409277
9.18 0.00711617081323796
9.18 0.00873560701708304
9.18 0.00751012476397621
9.18 0.0064940323444858
9.19 0.00541582298003508
9.19 0.00497276710981405
9.19 0.00587788944795386
9.19 0.00570966398628643
9.19 0.00558689131618468
9.19 0.0072622028960167
9.19 0.00857391470308757
9.19 0.010959680705668
9.2 0.0096280721157948
9.2 0.00895982231364765
9.2 0.00840260724754368
9.2 0.0106550700532715
9.2 0.00957392515158452
9.2 0.00833164229419394
9.2 0.00981891520679242
9.2 0.0128945333429181
9.2 0.01637150043852
9.2 0.0146726829889686
9.21 0.0136817326363939
9.21 0.0130063609533883
9.21 0.015982465311613
9.21 0.0138513639148206
9.21 0.0129397443307702
9.21 0.0162031679419579
9.22 0.0158097905023891
9.22 0.0189969919640488
9.22 0.0178636040067427
9.22 0.0168307065751727
9.22 0.0145968914337331
9.22 0.012593749633844
9.23 0.0110097434054296
9.23 0.010424258443249
9.23 0.00933652514342966
9.23 0.00813167442584212
9.23 0.00705344251162172
9.24 0.0057353282444299
9.24 0.00487613201781748
9.24 0.00594854049417829
9.24 0.00509320503451126
9.24 0.00445056228617557
9.25 0.0037004144642762
9.25 0.00339195199738943
9.25 0.00414769782965972
9.25 0.00347598947140905
9.25 0.00299760292193989
9.25 0.00273422356667996
9.25 0.00363077651072844
9.26 0.00330639500979684
9.26 0.00320915634440503
9.26 0.00302772696624757
9.26 0.0030115551516467
9.26 0.00403024605816016
9.26 0.00325084253247389
9.26 0.00422006265671024
9.26 0.0054933494567177
9.26 0.00487799771191859
9.27 0.00566565555599153
9.27 0.00530362244165401
9.27 0.00704325980027186
9.27 0.00933092517292492
9.27 0.0123180359251951
9.28 0.0111518465365322
9.28 0.00948146145762707
9.29 0.0100630749595336
9.29 0.0115010991154367
9.29 0.011071457815809
9.29 0.00877558335244076
9.29 0.0114837627445863
9.3 0.0108359280354897
9.3 0.0101559848876106
9.3 0.0101173309513782
9.3 0.0132781830211683
9.3 0.0164031247843879
9.3 0.0143860126900531
9.3 0.0188142854928402
9.3 0.0155940990986383
9.3 0.019643665621472
9.3 0.0159221597937397
9.31 0.0136132690512785
9.31 0.0121354036880554
9.31 0.0107715756457698
9.31 0.00989085795005179
9.31 0.0118493442125174
9.31 0.00970622993816856
9.31 0.00821706247396844
9.31 0.00729724340086302
9.32 0.00614414554747431
9.32 0.00570843639885774
9.32 0.00758582387650979
9.32 0.00701913417717378
9.32 0.00688596908833762
9.33 0.0058228012031525
9.33 0.00765372287822519
9.33 0.00657293293725945
9.33 0.0085381581896948
9.33 0.00699583316189339
9.33 0.00853413386044403
9.33 0.0102321978954873
9.34 0.00904454490899204
9.34 0.00837051494572624
9.34 0.0077918061956075
9.34 0.00742940376202297
9.34 0.00622133430685633
9.34 0.00524558563980535
9.35 0.00474534822599765
9.35 0.00646905149883648
9.35 0.00605245911743586
9.35 0.00808878938668108
9.35 0.00780959177639846
9.35 0.00934527551566687
9.35 0.00774158629400524
9.35 0.00673093724699262
9.35 0.00880201074403229
9.35 0.0104832717759575
9.35 0.00920660448011126
9.35 0.00722032569535374
9.36 0.0094065706077025
9.37 0.00819114472419978
9.37 0.00797282866870564
9.37 0.00752084311078425
9.37 0.00634170722941551
9.37 0.00409805140738116
9.37 0.00385945520547637
9.38 0.00331468356683101
9.38 0.00410541311884449
9.38 0.00381047208851255
9.38 0.00500632146051232
9.38 0.00455617900128175
9.38 0.00427525848102199
9.39 0.00362598437574291
9.39 0.00305450624915704
9.39 0.00377834746358485
9.39 0.00439066082849899
9.4 0.00534344275199578
9.4 0.00622332576600232
9.4 0.00578593263226413
9.4 0.00480363044923468
9.4 0.00585321291192669
9.4 0.0046858547060333
9.41 0.0040471424763144
9.41 0.00373941877129354
9.41 0.00494682513355607
9.41 0.00460689627868128
9.41 0.0042827208529854
9.41 0.00381733039409411
9.41 0.00424944080755551
9.42 0.00510324691564781
9.42 0.00473236906296617
9.42 0.00437595106566745
9.42 0.00435093135636512
9.42 0.00397588908824209
9.42 0.00358631024472282
9.42 0.00272584897253279
9.42 0.00373941390074874
9.42 0.00298606946148873
9.43 0.00382387531514823
9.43 0.00320397971487259
9.44 0.00284338159268626
9.44 0.00383724383294731
9.44 0.00525129850138201
9.44 0.00439369790950169
9.44 0.00367621022780027
9.44 0.00311696716525084
9.44 0.00226154748482076
9.44 0.00297222682871551
9.45 0.00392254420047765
9.45 0.00348822228762129
9.45 0.0032375362623384
9.45 0.00304221331443412
9.45 0.00279191166235043
9.45 0.00231075390581847
9.45 0.0019588407766568
9.45 0.00158013384990467
9.46 0.00145188106030379
9.46 0.00142020676195299
9.47 0.00198798060357974
9.47 0.0019392955153695
9.47 0.00180122446083094
9.47 0.00169171292458551
9.48 0.00228436221116998
9.48 0.00317538427782132
9.48 0.0041110212270983
9.48 0.00348468342350044
9.48 0.00296888485185817
9.48 0.00254498246655781
9.49 0.00201399012206976
9.49 0.00183645758575352
9.49 0.00161883424085447
9.49 0.00228889252715635
9.49 0.00223449129974975
9.49 0.00275950068388169
9.49 0.00376632648562856
9.49 0.00307764536809457
9.49 0.00423758168097033
9.5 0.0053775977980079
9.5 0.00479498344527945
9.5 0.00478839368580767
9.5 0.00409314741353149
9.5 0.0035929016506618
9.5 0.00324313407711861
9.5 0.00277596050559331
9.5 0.00225171370488902
9.51 0.002974193398024
9.51 0.00417151768419755
9.51 0.00385911873205124
9.51 0.00530643490471375
9.51 0.00634259841510651
9.51 0.00758371834365481
9.51 0.00587373172564609
9.51 0.00527385941629939
9.52 0.00461437053844982
9.52 0.00460921867319998
9.52 0.00373296742303599
9.53 0.00362271882003652
9.53 0.0030389275053512
9.53 0.00255425162832484
9.53 0.00211683867334912
9.53 0.00165751179269294
9.53 0.00191592486474471
9.53 0.00155259785792738
9.53 0.00138688753465287
9.54 0.00137073102062219
9.54 0.00111690640917692
9.54 0.00100263885737253
9.55 0.00144576950870965
9.55 0.00160354752429875
9.55 0.00210952692536032
9.55 0.00173540462315305
9.56 0.00233482756212638
9.56 0.00276482071177756
9.56 0.00239642671487244
9.56 0.00210746211677239
9.56 0.00204490922528091
9.57 0.00154484685697885
9.57 0.00112353422593097
9.58 0.00146858875586062
9.58 0.00127931162530228
9.58 0.00117307317551746
9.58 0.00164170285183243
9.58 0.0013315535063051
9.59 0.00124965738824731
9.59 0.00114304435059679
9.59 0.00114154967260652
9.59 0.0011277351752953
9.6 0.000810762288840253
9.6 0.0011386739213286
9.6 0.00111529226560504
9.6 0.000810096590215427
9.61 0.00111783489825765
9.61 0.00158056968475979
9.61 0.00158056968475982
9.61 0.00158056968476001
9.62 0.00114324803954248
9.62 0.00106520663378009
9.62 0.00155489799106259
9.62 0.00130047243201579
9.63 0.00129139231952934
9.63 0.00119461582058709
9.63 0.00108701147381588
9.63 0.000960251823998543
9.64 0.000943844994137874
9.64 0.000844894435944784
9.65 0.000715470716777598
9.65 0.000606671036066405
9.65 0.000598816875054277
9.66 0.00045498896657805
9.66 0.000413026605063903
9.66 0.000564256842026189
9.67 0.000788253008055848
9.67 0.0007177924419564
9.67 0.000717543867812972
9.67 0.000648882214982566
9.67 0.000583088770052134
9.67 0.000767012422397236
9.67 0.000639821647663976
9.68 0.000508996097109859
9.68 0.000449565551349756
9.68 0.000659320371118202
9.68 0.000598770458340583
9.68 0.000488589591534733
9.68 0.000385545357871537
9.69 0.0003473924310445
9.69 0.000320497916246765
9.7 0.000478765485498717
9.7 0.000692444331842547
9.7 0.000937662958584582
9.7 0.000849333034524
9.7 0.000797688967527392
9.7 0.000631285979467965
9.7 0.000500383232214018
9.71 0.000393119448319971
9.71 0.000355114764077832
9.71 0.000522750305564831
9.72 0.000388775676849305
9.72 0.000542571630208595
9.72 0.000440275165790899
9.72 0.00056392860465656
9.72 0.000404137535743514
9.72 0.000588736535318043
9.73 0.000800152839889739
9.73 0.000722813226500653
9.73 0.000673307113099476
9.73 0.000630486024656597
9.73 0.000932815389939708
9.73 0.000713620538361361
9.73 0.00102551031633812
9.74 0.000802616030210216
9.74 0.000765592616275773
9.74 0.000616144708959179
9.74 0.000930868010339639
9.74 0.000758992083147203
9.74 0.000642877404450165
9.74 0.000563418433620255
9.74 0.000426739449810157
9.75 0.000316389933051452
9.75 0.000263832250902348
9.75 0.000235845099862726
9.76 0.000205536409422426
9.76 0.000166161317015196
9.76 0.000225425605677713
9.76 0.000318301255406654
9.76 0.00031830125540661
9.77 0.000439796576514838
9.78 0.00033526050166897
9.78 0.000331897508325615
9.78 0.000456669408288525
9.78 0.000411447044168833
9.78 0.000374228089401507
9.78 0.000251925933430321
9.78 0.000167317214591851
9.78 0.000255422854789024
9.79 0.000189540589346253
9.79 0.000288858839423381
9.79 0.0002386490460466
9.79 0.000170919580604132
9.79 0.000248689483210058
9.8 0.000198822570392203
9.8 0.000269744057837586
9.8 0.000354637081751066
9.8 0.000242399904340942
