0.8035773
0.79384094
0.78105956
0.76169026
0.7349154
0.7000573
0.6577109
0.6093046
0.5582615
0.50559443
0.45778978
0.4148922
0.381619
0.3543005
0.3334984
0.3181249
0.30527985
0.2939812
0.28449073
0.27452192
0.26603428
0.25684026
0.24673933
0.23798491
0.22894387
0.22050005
0.2142117
0.2069585
0.20240496
0.19777109
0.19312328
0.18845306
0.18516934
0.18263054
0.17910805
0.17599598
0.17331018
0.1704666
0.16858247
0.16594516
0.16369763
0.16093656
0.16004018
0.15765394
0.15543932
0.15518408
0.15323816
0.15144923
0.15011957
0.1484735
0.14665157
0.14605355
0.14527576
0.14412478
0.14299087
0.14153379
0.14109729
0.14071423
0.13883145
0.13866225
0.13801971
0.1367504
0.13612804
0.13551769
0.13440186
0.13418591
0.13303864
0.13213591
0.13173494
0.13133208
0.13067147
0.12938097
0.12920043
0.1285451
0.12761256
0.1279713
0.12650426
0.12714943
0.12638947
0.12442523
0.1245826
0.124607205
0.1241519
0.123993896
0.1220885
0.12273064
0.121880636
0.12129961
0.12118888
0.1200186
0.12065998
0.119608805
0.11986756
0.119135514
0.11823224
0.118764594
0.11734028
0.11795749
0.11787908
0.116388015
0.116378665
0.11585209
0.116352424
0.11516404
0.11581093
0.11542033
0.11498752
0.11526972
0.114701405
0.11362225
0.113991156
0.1134375
0.11258286
0.11360789
0.11254894
0.11216847
0.11177717
0.11223251
0.11146538
0.11095432
0.11080077
0.11104804
0.11045974
0.11034068
0.1103321
0.11082445
0.11059002
0.109403774
0.10959911
0.10895051
0.10884208
0.108017616
0.10895209
0.10892739
0.10753143
0.108409494
0.10760392
0.1080711
0.10777807
0.10806231
0.10654032
0.107096806
0.10642196
0.106309876
0.106191434
0.106679216
0.106149286
0.10612275
0.105922036
0.10543324
0.106161036
0.105824344
0.1056213
0.10549338
0.10460798
0.10483846
0.10469992
0.104894266
0.104347885
0.10468059
0.10424426
0.10459271
0.103830725
0.10411561
0.103365645
0.10477344
0.10344546
0.103752576
0.10354778
0.104500085
0.10328357
0.103546396
0.10286461
0.10316408
0.102898605
0.10269206
0.102867484
0.102327496
0.102770045
0.102646425
0.10253749
0.1032163
0.101461366
0.10246159
0.10275571
0.101739705
0.10169828
0.102467045
0.10103278
0.10195508
0.10183908
0.10188478
0.101002835
0.10074067
0.101688296
0.10133175
0.10141413
0.10150267
0.1008257
0.1006433
0.10066044