miRNA ID:	hsa-miR-17
Survival:	OS
Auto select best cutoff:	checked
Follow up threshold:	all
Censore at threshold:	checked
Cutoff value used in analysis:	380
Expression range of the probe:	63 - 13677
Invert HR values below 1:	not checked

Dataset
Dataset:	TCGA
Restrictions
IHC:	all
Gene chip:	all
IHC:	all
IHC:	all
Gene chip:	all
Molecular subtype:	all
Grade:	all
Lymph node status:	all

Cohort
Cohorts:	do not use cohorts

Results
P value:	0.3041
FDR:	100%

p values vs. cutoff table
"cutoff value" "p value"
286 0.85814927538055
286 0.837504280323689
286 0.833906550788519
288 0.974411377873897
288 0.969959114756069
288 0.957695411380275
288 0.940453347483596
289 0.909023895757039
289 0.908013824963933
289 0.968055336769662
290 0.971749897432637
292 0.992829395797062
292 0.996182488512879
292 0.989712509753076
293 0.883102227662072
293 0.940901235319324
294 0.945119821979111
294 0.997207977810025
295 0.997781497623631
295 0.999534219734087
296 0.972997970863274
296 0.971989797611922
296 0.97185028698726
296 0.963891126111888
296 0.955683004125942
297 0.946965083171309
297 0.941388461633447
298 0.897145479077364
298 0.866495819943632
299 0.861030307868571
299 0.857135972579655
299 0.915310846455183
300 0.898572596337303
300 0.898435976223751
300 0.889879581338759
301 0.998930855496957
301 0.980470503102072
302 0.958052224697156
302 0.916201187615116
302 0.978296480020784
302 0.981889383152238
303 0.985828095132829
303 0.991301685499754
303 0.968482854572604
304 0.964563986502127
304 0.961315901621952
305 0.944631434537647
305 0.940727309888204
306 0.924102235568472
306 0.917805217577232
307 0.913351383502612
307 0.898531835264176
308 0.880512103666061
308 0.86335992395472
308 0.824593752026699
308 0.801702002460115
308 0.797776450364526
310 0.781857066731483
312 0.777782302704824
312 0.774859459123416
312 0.77432998183089
312 0.909130765108792
312 0.879096545484213
313 0.872902008724852
314 0.9804260543633
315 0.973914758422043
315 0.966442540760164
316 0.960169024447988
316 0.960169024447989
317 0.913915155852583
317 0.913915155852583
317 0.951885204775569
317 0.981545502006921
319 0.984597826250885
320 0.983098705714452
320 0.984217113407939
320 0.93704816814608
320 0.934037519952721
322 0.918118481593609
322 0.883698074765176
322 0.991618031208274
323 0.95179608920668
323 0.947986600930222
323 0.940157320731322
324 0.906511101266586
325 0.863499343022279
326 0.850164177603274
326 0.791723766845337
326 0.788851013499531
327 0.768228318412405
327 0.762590350904851
329 0.761682818961858
330 0.759695364385837
330 0.7570060934079
331 0.888762631882706
331 0.885016646679866
331 0.882065913783827
332 0.990919227301358
333 0.995274131399239
333 0.991475304519645
333 0.959316456166363
336 0.939647702555041
337 0.932384223076934
338 0.916338139402311
338 0.904984481726654
339 0.851491001227629
339 0.802732100016059
340 0.799419582431696
341 0.796111206805809
341 0.792649608480841
341 0.737992919101531
342 0.60150551631619
342 0.595493977235591
343 0.585790059738768
343 0.563020031510468
343 0.533008924314252
343 0.52826771707442
344 0.51869875336834
345 0.516340897963628
345 0.498334601530473
345 0.603705901046367
345 0.597493481930256
345 0.591516503288462
346 0.58114679205687
346 0.57583652615366
347 0.572961362213075
349 0.52863014619664
349 0.52357649808285
349 0.488222210993833
350 0.485338342997485
350 0.460146617001535
350 0.433442761829509
350 0.536075608995807
350 0.52037787913613
350 0.513271157717343
350 0.51016956731507
352 0.486394519576103
352 0.580498831397177
354 0.577349198749725
354 0.574207854012857
355 0.572111025938318
355 0.554433704269057
358 0.54135200258823
358 0.497298725447128
358 0.494396216729716
358 0.566040513129241
358 0.562937076178516
358 0.551911351579499
359 0.506073400873816
359 0.497885109753409
359 0.474519531987941
360 0.469954212177533
361 0.446395050546722
361 0.443407427111299
361 0.438860037272585
361 0.438860037272584
362 0.524107159712858
363 0.524003192971573
365 0.520737646298268
365 0.495800429189062
366 0.492912037157008
367 0.406171645621676
368 0.403716306344658
371 0.389271244583582
371 0.377388778608658
371 0.374815742171299
373 0.361027677832078
373 0.358640649958218
373 0.355676591817261
374 0.342344570548291
374 0.409490581002096
375 0.398531469242322
375 0.360841138488467
377 0.358666715867549
378 0.353009774995074
378 0.330036281233257
378 0.323743644233362
378 0.31509896821141
379 0.306228407550326
380 0.304087625418215
380 0.363697269672336
383 0.342748740083899
383 0.340836546121914
385 0.330408158518541
385 0.322214060337066
386 0.38713738422698
386 0.382963452758796
388 0.380370692938758
388 0.367618878779194
390 0.458717459097047
390 0.45485901062091
391 0.431833409963377
392 0.428107724038257
393 0.425693165890102
393 0.520188940234356
393 0.486190357990887
394 0.469005588235806
394 0.468908178392315
396 0.463716689742921
397 0.438299104997976
397 0.436073314270102
400 0.429147559659938
400 0.426496512863507
401 0.415277479444843
402 0.395968376643678
402 0.393976157405632
403 0.390041653291075
404 0.387537878390157
404 0.385770192957822
404 0.381451771258226
404 0.37096741712249
405 0.367816944648676
407 0.344741400581949
407 0.342084055679642
408 0.341073207656496
408 0.400747058320264
409 0.380259779059867
409 0.376127216313474
409 0.34193089706154
410 0.315564349845453
410 0.371656693185641
412 0.361338329902207
414 0.356894907650422
415 0.350763891003623
416 0.318057102120137
419 0.347028418620374
419 0.342698217411133
420 0.33981898113873
420 0.42531321611517
421 0.425221091344501
421 0.422814927544797
421 0.419799607111683
421 0.419234774357367
421 0.416847974383717
422 0.415102379512245
422 0.412944061918596
423 0.51109954410483
424 0.494199684119516
425 0.481992242139964
425 0.466985977879456
426 0.459385829100904
426 0.454757455920911
426 0.452592107670152
429 0.449853289176175
431 0.445278405200597
432 0.440565603638583
432 0.431820754676655
433 0.429387973134876
433 0.421951438872586
435 0.419319281977944
435 0.417666483319825
436 0.390265016510933
437 0.470504644351914
438 0.539776173683108
438 0.537027325855933
438 0.534020887044332
439 0.531022615411397
439 0.484755453270984
440 0.569806968864168
443 0.565470945644933
444 0.543431296979987
444 0.575409092056582
446 0.657701884748886
447 0.653917061675656
447 0.647991604473682
447 0.646178298800178
447 0.711389166621767
447 0.683843036313709
448 0.668578809425108
449 0.621453197684397
449 0.611225583335792
449 0.707528840737262
449 0.671563651421616
452 0.665972585241183
452 0.627465411015066
453 0.604245407499351
454 0.599078865315659
454 0.59617807438635
454 0.565610196402944
454 0.553533009185593
455 0.549396806107891
455 0.654987641439899
456 0.64963431196482
457 0.664067744746662
457 0.660579480862434
457 0.653754337443439
459 0.617140744441471
461 0.614194045208232
462 0.610969525162059
462 0.599765433804321
464 0.586482344184392
464 0.581368068683991
465 0.578220031224097
466 0.529436024607281
467 0.634924656712162
467 0.60607558812204
467 0.701938594873413
467 0.668257845490674
467 0.651599591427681
468 0.622993690471637
469 0.620022846297627
469 0.608436301257679
470 0.605210929721605
470 0.591524187538862
471 0.578187501527096
471 0.576075165586656
472 0.674447438308599
474 0.672584387771818
474 0.759712483840812
475 0.748563835746588
476 0.741824427370288
476 0.692186144938968
477 0.677666949754511
477 0.677666949754517
477 0.67754880620732
478 0.674163616626467
480 0.668496621250681
481 0.656485414034462
482 0.644001386226722
482 0.63862545122605
482 0.628128639855301
483 0.623522325183455
484 0.616140451812325
484 0.610858901206241
486 0.608295198223744
486 0.599662706339585
487 0.594252379652814
487 0.623629851068969
490 0.618849015322504
491 0.614428868877167
491 0.734741958120502
491 0.73347181692576
491 0.688612000169721
492 0.685490421989402
492 0.685371155359402
492 0.808292536362722
492 0.782490997155552
494 0.888846063801276
494 0.88311384772071
496 0.879772876679137
496 0.876111291987477
498 0.874089190399657
499 0.820226522238244
499 0.816609538905041
501 0.786026348799144
501 0.74973047366515
502 0.744957655754263
503 0.820686732370024
503 0.817377768178439
505 0.810625117608363
506 0.710633775289776
511 0.704984074082515
512 0.701808951249181
512 0.687638902983367
512 0.593156856538739
516 0.692923693739667
517 0.692802505813965
517 0.68793857690752
517 0.674722526300963
518 0.670080756474803
518 0.576195959442486
519 0.538853113013029
520 0.536878436218633
521 0.525738465373115
524 0.505349976701401
524 0.502578098340385
524 0.608787529989338
526 0.721505282666515
527 0.715767303530834
530 0.709622789460951
531 0.704110835905039
531 0.703988063443823
531 0.700779632048508
532 0.695093236527176
532 0.680187143734727
534 0.645845128188642
534 0.644604808142152
535 0.761284944941036
536 0.688372468502713
536 0.686836012204435
538 0.67052882270828
538 0.65814246638544
539 0.652747239616297
539 0.652747239616295
539 0.547155395845151
540 0.541977494714057
540 0.52101219734852
541 0.512918057465502
542 0.616843835011761
542 0.599293070061993
543 0.589926846586733
543 0.577258728187047
544 0.56940929599592
545 0.568703489932695
546 0.563767882260977
546 0.56079485543967
547 0.558230478991532
547 0.544732299640307
548 0.540235746486652
548 0.539192521709275
549 0.53613879777498
549 0.415407530279269
550 0.411340242246597
550 0.410942389653808
550 0.500921313354332
553 0.498092857482104
554 0.607223352316797
554 0.603496023307324
555 0.602641351270822
557 0.599254059650609
558 0.575104229962436
559 0.572749766652873
560 0.53447775832138
560 0.522501415357649
561 0.518852326093485
566 0.513534930236501
568 0.628099951572417
568 0.615197681948644
569 0.728331471287845
570 0.725740649066577
571 0.857001779756096
573 0.993849376434408
574 0.987613112768916
575 0.975079917889361
577 0.892711603793623
577 0.947688542302678
577 0.993382927515972
577 0.890821815774964
578 0.894826167365912
580 0.907281287583737
580 0.840887127864105
582 0.842545407975395
583 0.718277284428175
587 0.618321228166428
589 0.618439363103265
589 0.678223809188918
591 0.681447629633769
592 0.829317783013735
594 0.881781744503601
595 0.898346277027806
595 0.945254572411508
595 0.952832420765719
596 0.965644498999138
596 0.986198171321679
597 0.998758365043653
597 0.994361097659748
597 0.960721451342335
598 0.957105240449806
599 0.957105240449807
600 0.957105240449813
602 0.939003457607279
602 0.93503771212821
605 0.927896087303196
606 0.929506413518527
607 0.95007221389197
608 0.953681069090169
608 0.95586876118722
611 0.957604266699199
611 0.962951144815254
611 0.979879983963415
613 0.980881920912612
615 0.971355291733204
619 0.964893517976471
620 0.953113089356846
620 0.949121489978131
622 0.944342631957031
624 0.937877068716883
626 0.930438232394952
626 0.920084841138467
629 0.916271990958174
634 0.910680840411389
634 0.907372703705685
636 0.902597856161303
637 0.895665318672895
637 0.893767375278085
643 0.879860828796575
645 0.871155124324729
647 0.998745600635069
651 0.87572559923629
654 0.879490719176308
656 0.881219181205978
656 0.881926401378706
657 0.914194622804288
657 0.94810345685714
659 0.965222720679913
661 0.974287267521091
661 0.836917063508559
661 0.839537873801725
661 0.843459124087163
661 0.849822092771105
669 0.858440021849852
674 0.868142765671767
675 0.883653291267015
675 0.885698391265341
675 0.908377029222013
676 0.908377029222015
678 0.926684863192779
680 0.927551495824525
681 0.958486677150643
683 0.934932089451724
685 0.791960660902595
687 0.793670591570904
690 0.854095772500305
695 0.912080653122805
695 0.97460903088281
696 0.8499419125932
698 0.853965794898802
701 0.859614225736893
702 0.859755050239259
703 0.870810695691081
707 0.877376121080671
708 0.88494676618639
708 0.886729561373931
708 0.909436522618939
709 0.91317246967806
710 0.78403644216719
711 0.78403644216719
713 0.847469465403724
720 0.704444645149784
721 0.735098044799934
723 0.770628322954696
728 0.773118793530004
730 0.782320632420565
730 0.788998936721473
734 0.803621921658918
734 0.825085385659698
734 0.85898056146631
735 0.924679721158714
736 0.92619911014389
738 0.932064438120628
739 0.936456759080912