0.79511046
0.7859461
0.77394825
0.75639635
0.7318642
0.698945
0.6590735
0.6126257
0.56283724
0.5125439
0.46534723
0.42222404
0.38581005
0.3575741
0.3358924
0.3190041
0.3051534
0.29340777
0.28377366
0.27310538
0.2623053
0.25275978
0.24177913
0.23314175
0.22334003
0.21516275
0.20853251
0.20187575
0.19625032
0.19094668
0.18668675
0.18260607
0.1795584
0.17560849
0.17320403
0.1705246
0.16710392
0.16553846
0.1629181
0.16060263
0.15802555
0.15661183
0.15462315
0.15215765
0.15056846
0.15059684
0.1496329
0.14682306
0.145533
0.144274
0.14293686
0.14157647
0.14048612
0.13897952
0.1391738
0.13753094
0.1373322
0.13640876
0.13518567
0.13416167
0.13361578
0.13298482
0.13160676
0.1315176
0.13117819
0.13034423
0.13016069
0.1294266
0.12804002
0.1278112
0.12621047
0.12578632
0.12591338
0.12593096
0.124068305
0.12508343
0.12447396
0.12301241
0.12323168
0.12267128
0.12173639
0.120996915
0.12054673
0.121210724
0.11993612
0.12011862
0.11932181
0.11793424
0.11790007
0.11744592
0.11767806
0.11737257
0.11676802
0.116005
0.11664215
0.11618249
0.114998266
0.1146276
0.115383
0.11349353
0.11366171
0.11439893
0.11342196
0.11298584
0.11372727
0.11299384
0.11272791