miRNA ID:	hsa-miR-155
Survival:	OS
Auto select best cutoff:	checked
Follow up threshold:	all
Censore at threshold:	checked
Cutoff value used in analysis:	8.9
Expression range of the probe:	6 - 12
Invert HR values below 1:	not checked

Dataset
Dataset:	METABRIC

Restrictions
IHC:	all
Gene chip:	all
IHC:	all
IHC:	all
Gene chip:	all
Molecular subtype:	all
Grade:	all
Lymph node status:	all

Cohort
Cohorts:	do not use cohorts

Results
P value:	0.1306
FDR:	100%

p values vs. cutoff table
"cutoff value" "p value"
8.43 0.341524679854898
8.43 0.294108178610059
8.44 0.313139720713845
8.44 0.328491798901212
8.44 0.348620612816449
8.44 0.360597692922149
8.44 0.311210845208597
8.44 0.334402635628579
8.45 0.368632718781544
8.45 0.375694186159423
8.45 0.411788704739828
8.46 0.455588426397153
8.46 0.48704739222436
8.47 0.514456322331963
8.47 0.536147336449044
8.47 0.556904975638238
8.47 0.570540981477864
8.47 0.52313324093323
8.47 0.527224737067472
8.47 0.548961554972315
8.47 0.491000609659892
8.47 0.534548483030388
8.47 0.471501127636405
8.48 0.410364874991659
8.48 0.426827314724436
8.48 0.44278211146476
8.48 0.453427463721335
8.48 0.473669239005192
8.48 0.531476034211817
8.49 0.467620537328647
8.49 0.407793839981207
8.49 0.377407854604987
8.49 0.399952483047438
8.5 0.41630753792081
8.5 0.43410432612797
8.5 0.454270656517219
8.5 0.485547662960708
8.51 0.502039584126492
8.51 0.521617125078905
8.52 0.546960425058268
8.52 0.475272255883571
8.52 0.507564785207913
8.52 0.557948955182897
8.53 0.512665848626629
8.53 0.569485985624704
8.53 0.513970638058905
8.54 0.490745797233483
8.54 0.524394054658685
8.55 0.466796277709262
8.55 0.485732624079495
8.55 0.435946171249756
8.55 0.476290469867444
8.56 0.499880925584366
8.56 0.500166986529623
8.56 0.437681721676039
8.56 0.469634230960023
8.56 0.505151492532688
8.56 0.541340183092096
8.56 0.489100654816589
8.56 0.537630181297737
8.57 0.480471513422336
8.57 0.491042538500626
8.57 0.438761136855091
8.58 0.470050497527859
8.58 0.470490895615454
8.58 0.501810316410855
8.58 0.558948465728336
8.58 0.601756887089556
8.59 0.642504824505555
8.59 0.651310045635793
8.59 0.651949033277036
8.59 0.671812120933591
8.59 0.68918786083386
8.59 0.631953489837348
8.6 0.557715640179507
8.6 0.579735331693735
8.6 0.596171264759828
8.6 0.53862226384687
8.6 0.576214545795334
8.6 0.614277787007226
8.6 0.653957305702556
8.6 0.686511975211574
8.6 0.656549318066073
8.6 0.591374860114074
8.61 0.632595346936698
8.61 0.6514571219439
8.61 0.671993298507129
8.61 0.671993298507127
8.61 0.71947822510314
8.62 0.766436573139016
8.62 0.80198891083888
8.62 0.81817146434763
8.62 0.872624199560717
8.62 0.791591610046446
8.63 0.82910349002219
8.63 0.858621403517518
8.63 0.776293545091778
8.63 0.776557434391824
8.64 0.797159086772877
8.64 0.814903446760277
8.64 0.832627700225609
8.64 0.76278364050886
8.64 0.811667222549046
8.64 0.818178207144635
8.64 0.857344289900784
8.65 0.90228897186895
8.65 0.91688515611027
8.65 0.929884012440211
8.65 0.948382867106241
8.65 0.878521967615532
8.65 0.801281065805921
8.65 0.80812900253889
8.66 0.751064708064938
8.66 0.752317001273958
8.66 0.787275204002529
8.67 0.736863795654415
8.67 0.736927934238561
8.67 0.755484337453829
8.67 0.798182096024922
8.68 0.802983550108278
8.68 0.824974930748716
8.68 0.798686552546058
8.68 0.821371210465454
8.68 0.763555976314358
8.69 0.689328743635455
8.69 0.626958670012257
8.69 0.662212012808062
8.69 0.723813497508685
8.69 0.745813848092469
8.7 0.686923971614203
8.7 0.635542990289785
8.7 0.653944225166382
8.7 0.594804113874955
8.7 0.536313486661196
8.71 0.575517261784161
8.71 0.589495648510732
8.71 0.601135899281478
8.71 0.642291345166706
8.71 0.626926941089113
8.71 0.556600387825344
8.72 0.5325423268277
8.72 0.496062882384403
8.73 0.461607065893907
8.73 0.475743789938198
8.73 0.488171319713027
8.73 0.441347050828672
8.73 0.469115805574915
8.73 0.498690045143137
8.74 0.449257168763494
8.74 0.500354933309401
8.75 0.462937860526343
8.75 0.482139752431421
8.75 0.516668972014757
8.75 0.5409982315754
8.75 0.545674881466637
8.76 0.577384999595853
8.76 0.596554206179116
8.76 0.629098526526698
8.76 0.622028901919528
8.76 0.581924923219912
8.76 0.639281700993403
8.76 0.668169976305955
8.76 0.701443323441098
8.76 0.640378594062665
8.77 0.583148899151443
8.77 0.525151746366011
8.77 0.48730911659196
8.77 0.509735989475838
8.77 0.478204920913046
8.78 0.435306347862797
8.78 0.383006625348277
8.78 0.332364804244908
8.78 0.284609657339353
8.78 0.245238495858826
8.78 0.218621951830387
8.78 0.250859864479536
8.79 0.277210429010587
8.79 0.290689715297471
8.79 0.297887731283559
8.79 0.306182171365855
8.79 0.263682411771159
8.79 0.300130587814838
8.79 0.308614555963301
8.79 0.269287967622152
8.8 0.235143552762597
8.8 0.252043735172458
8.81 0.263605669606895
8.81 0.222611678214764
8.82 0.251844605201892
8.82 0.212147855884803
8.82 0.181972452869874
8.82 0.161689558935475
8.82 0.13497771760415
8.82 0.148250425672089
8.83 0.161795211101677
8.83 0.167859670174455
8.83 0.183440184029524
8.83 0.192690458083679
8.84 0.198282123929094
8.85 0.215830373159183
8.85 0.225466860034238
8.85 0.2287952959023
8.85 0.207477491292252
8.85 0.191536898512163
8.85 0.167498516924638
8.86 0.183348376468827
8.86 0.161243601543359
8.86 0.144680821994191
8.86 0.155686886713171
8.86 0.134233384303936
8.86 0.156546537171288
8.86 0.130892290238011
8.86 0.140633460397061
8.86 0.157245575688492
8.86 0.173966360841659
8.87 0.192575963439712
8.87 0.200889320887196
8.87 0.205516088024943
8.87 0.184693323712558
8.88 0.19983865400253
8.88 0.200454177214627
8.88 0.219575122205018
8.88 0.187744796489008
8.88 0.159684293207879
8.88 0.136141050749191
8.89 0.148759051625158
8.89 0.161974106674472
8.89 0.167996964053071
8.89 0.175148785259232
8.89 0.151337978525469
8.89 0.135437189081058
8.89 0.154932649616569
8.89 0.174964025386178
8.89 0.15341628750006
8.9 0.130647296949467
8.9 0.13716578641091
8.9 0.146998050274281
8.9 0.158133606483592
8.9 0.160331055846952
8.9 0.174418735945971
8.9 0.182647568385958
8.91 0.159505052296494
8.91 0.175452459526129
8.91 0.197311995730357
8.91 0.222173675044736
8.91 0.244088780143496
8.92 0.247548592866789
8.92 0.259572664029239
8.92 0.232555060487725
8.92 0.250884008460132
8.92 0.2852143133377
8.92 0.258483892410685
8.92 0.223349789475946
8.93 0.25190610783382
8.93 0.255592119356462
8.93 0.264835296676541
8.93 0.284965825769702
8.94 0.246675473353767
8.94 0.258099248137914
8.94 0.267449803856916
8.94 0.271617284403588
8.94 0.295824679435696
8.94 0.321696346789527
8.94 0.300342844833384
8.95 0.337388094251053
8.95 0.30274281518277
8.95 0.281215643159649
8.95 0.301448264910065
8.95 0.30285400440219
8.95 0.335852262778368
8.95 0.370253631866618
8.95 0.334280583286151
8.96 0.352191317363064
8.96 0.352316399476024
8.96 0.364355971057693
8.96 0.372032417680627
8.96 0.341985925882242
8.96 0.295886376587441
8.96 0.31716707572935
8.96 0.286895394789754
8.96 0.258846027151157
8.96 0.282176307600139
8.97 0.292410627122498
8.97 0.301917006302809
8.97 0.312741968282268
8.97 0.267823425738113
8.97 0.27164450346291
8.97 0.288513715850405
8.98 0.24697682309238
8.98 0.265006484021692
8.98 0.235971372634688
8.98 0.247899167266072
8.98 0.268616390067495
8.98 0.229465789459516
8.99 0.244903371864964
8.99 0.212877095592683
8.99 0.221377656900872
8.99 0.193591887488653
8.99 0.212411293716947
9 0.193830341315282
9 0.201454534245624
9 0.230662414142943
9.01 0.207639355441023
9.01 0.218517138701272
9.01 0.22609497537095
9.01 0.246871552099962
9.02 0.22933346889376
9.03 0.248622311281322
9.03 0.264027400669093
9.03 0.273392650566149
9.03 0.2819844509732
9.03 0.30264439130829
9.03 0.323118728668366
9.03 0.356530931227541
9.04 0.371724675597768
9.04 0.395584869950233
9.04 0.408008114470773
9.04 0.356692003660179
9.05 0.379539473275904
9.05 0.387998359912162
9.05 0.41325148023548
9.05 0.434197247145686
9.05 0.385627460172516
9.05 0.430182726897178
9.05 0.385017758966626
9.05 0.349536530360172
9.06 0.373236982369196
9.06 0.385366481579974
9.07 0.409304932955668
9.07 0.422272654771374
9.07 0.435947115991174
9.07 0.439934286379121
9.07 0.39327629878176
9.07 0.34886955529904
9.08 0.359976278326589
9.08 0.372041366403792
9.08 0.323153812672812
9.08 0.34501151878097
9.08 0.374333198416365
9.08 0.400472151296657
9.08 0.356857126393197
9.08 0.379702047023794
9.08 0.400519384971766
9.09 0.446070643975684
9.09 0.390330541226238
9.1 0.419113010615051
9.1 0.429016099379316
9.1 0.439699566265648
9.1 0.45403104684071
9.1 0.484895492278305
9.1 0.525522418776711
9.1 0.562215767735052
9.11 0.585449869848723
9.11 0.527546580760224
9.11 0.531268007246268
9.11 0.545982664095274
9.11 0.485704787709553
9.11 0.520569256933396
9.11 0.54541094459325
9.11 0.483532952428301
9.12 0.43435336149814
9.12 0.385145655311865
9.12 0.340488329889114
9.12 0.30958275218939
9.12 0.330861104853903
9.13 0.29504445398191
9.13 0.265230758676488
9.13 0.277124407545966
9.13 0.285534637048478
9.13 0.309860830915338
9.13 0.336044532563181
9.13 0.373097022296189
9.13 0.373312995179454
9.14 0.395649445528994
9.14 0.404162305196583
9.14 0.375974557547539
9.14 0.327316128724609
9.15 0.291120840509317
9.15 0.309761965239317
9.15 0.329180759569311
9.15 0.355885619213258
9.15 0.376984409616528
9.16 0.397771575557579
9.16 0.417216684349121
9.16 0.444968840060193
9.16 0.474415403380654
9.16 0.561834254770245
9.16 0.597304377767614
9.16 0.620814367149034
9.17 0.662317087969343
9.17 0.674150408578194
9.17 0.618619765221076
9.17 0.657533566667932
9.18 0.612741070751916
9.18 0.630024560256758
9.18 0.653604252105062
9.18 0.67017407695038
9.18 0.690394395481112
9.18 0.643534745252226
9.18 0.671884806061073
9.19 0.730915636062197
9.19 0.747066512229534
9.19 0.687909630679438
9.19 0.692943121347622
9.19 0.714652195585296
9.19 0.756803268666842
9.2 0.791335826482504
9.2 0.819868295186769
9.2 0.854507295293529
9.2 0.875479757867678
9.2 0.835986416864067
9.21 0.896703427472617
9.21 0.910292007166858
9.21 0.849076438765056
9.22 0.895166732581412
9.22 0.9125097203768
9.22 0.839126282149522
9.22 0.840423971728831
9.23 0.859775691011919
9.23 0.932230549449699
9.23 0.860840894672469
9.23 0.782318969434971
9.23 0.827015216140921
9.23 0.851113015219939
9.24 0.887314246846267
9.24 0.915009510125045
9.24 0.937193870667481
9.24 0.887650886048412
9.24 0.814210026423871
9.25 0.760311658973984
9.25 0.803630371720934
9.25 0.731778230392188
9.25 0.775760868167215
9.26 0.803769008036951
9.26 0.824513164391402
9.26 0.846857363839736
9.26 0.853600702884342
9.26 0.805575667253759
9.26 0.738642483749392
9.27 0.76159142736305
9.27 0.778147961919567
9.27 0.779495509476637
9.27 0.817748664751004
9.28 0.747099970144083
9.28 0.780473434302542
9.28 0.840912967219361
9.29 0.766311054426618
9.29 0.723799729316033
9.29 0.72429588003626
9.29 0.750250139554489
9.29 0.675915320242463
9.3 0.609051972406758
9.3 0.615905973704099
9.3 0.656323965453702
9.3 0.584156074309297
9.3 0.62003880226639
9.3 0.6520521279443
9.31 0.588652687846266
9.31 0.603035154750858
9.31 0.621234605817861
9.31 0.659802118046905
9.31 0.698980063238752
9.31 0.732618356611521
9.32 0.759519332020599
9.32 0.801080925121363
9.32 0.828577176329244
9.32 0.852639667652375
9.33 0.89833134632268
9.33 0.928089837740589
9.33 0.935641372890857
9.33 0.892052138010655
9.33 0.833563989334012
9.33 0.878081243367374
9.33 0.915161408633554
9.33 0.866855091052148
9.34 0.873509021611737
9.35 0.938579135890342
9.35 0.961288911016632
9.35 0.978901826811044
9.35 0.978147311383172
9.35 0.936569536740298
9.35 0.897231461282575
9.36 0.832035221314893
9.36 0.815662878107319
9.36 0.88695410493446
9.36 0.844683386123653
9.36 0.813644387475348
9.36 0.759886374507754
9.36 0.812259822527136
9.37 0.769117688344855
9.37 0.734579561755281
9.37 0.71592678370177
9.37 0.791075754203236
9.37 0.867027215005441
9.38 0.936951505092683
9.38 0.900469574823758
9.38 0.898962850651736
9.38 0.833165108070297
9.38 0.797931638333365
9.39 0.768839926342857
9.39 0.839669601109332
9.39 0.804313484584348
9.39 0.848848178440419
9.4 0.802969104923096
9.4 0.800510278169365
9.4 0.763531829752506
9.41 0.724404876449133
9.41 0.78438367321413
9.41 0.78385357839442
9.41 0.73972720667822
9.41 0.708657938000463
9.42 0.667894200444015
9.42 0.742717906992702
9.42 0.697071490754225
9.42 0.661474387936041
9.42 0.730070849629624
9.42 0.690653492952573
9.42 0.755589362010944
9.43 0.754860586542681
9.43 0.708793154780712
9.43 0.690552018965035
9.44 0.67129011453455
9.44 0.732298747321213
9.44 0.71350459560816
9.44 0.672299395651233
9.44 0.634968660274664
9.44 0.701182004825487
9.45 0.769003448781151
9.45 0.753055953099835
9.46 0.798307479614333
9.46 0.780015665338201
9.47 0.826486011004738
9.47 0.901905271258893
9.48 0.846464948582976
9.48 0.826883770451302
9.48 0.82626809274074
9.48 0.797933651554089
9.48 0.880410826247381
9.49 0.847534170775592
9.49 0.80920373005098
9.49 0.892806549771366
9.5 0.945210402906002
9.5 0.926457476460431
9.5 0.995522897940256
9.5 0.930720860206978
9.5 0.952093484280305
9.5 0.998566693564306
9.5 0.992302802726859
9.5 0.950183789301634
9.5 0.982005933525685
9.51 0.949116554317368
9.51 0.949116554317373
9.52 0.882814127051486
9.52 0.960012846203234
9.52 0.980082568098445
9.52 0.980372472088418
9.52 0.933874994562938
9.53 0.986270846810314
9.53 0.968781885411858
9.53 0.957210086871763
9.53 0.91754553797912
9.54 0.861787415598788
9.54 0.905539419716877
9.54 0.885621448973701
9.54 0.841619695787716
9.54 0.802451486280942
9.54 0.887400252829307
9.54 0.863891524650943
9.55 0.944873580865486
9.55 0.923350282846465
9.55 0.876956311925703
9.56 0.833124050782486
9.56 0.905510241907168
9.56 0.859503835467646
9.56 0.901815346717182
9.57 0.875973771891977
9.57 0.954667737659059
9.57 0.945287578283868
9.57 0.884827754592819
9.58 0.867960104354111
9.58 0.817026795166182
9.59 0.768675782294562
9.59 0.750354699689162
9.59 0.709837176216427
9.6 0.789851343369936
9.6 0.860165384829014
9.6 0.820540935528834
9.6 0.80140866033451
9.61 0.882639500112365
9.61 0.863224302845213
9.61 0.852967211483945
9.61 0.782849154818037
9.61 0.868313006695189
9.62 0.927921604601364
9.62 0.890922971750582
9.62 0.876338947017413
9.63 0.83718321873129
9.63 0.920842711371703
9.63 0.967861969325108
9.64 0.924341445161631
9.64 0.852486936487322
9.65 0.926836898849046
9.66 0.907890067089671
9.66 0.884524293799929
9.66 0.836307283440861
9.66 0.805670083542754
9.67 0.741913561802661
9.67 0.722198987811231
9.67 0.777583941681646
9.67 0.827179839313024
9.68 0.916016210049483
9.68 0.986039916419181
9.68 0.984369413802395
9.69 0.935625406731133
9.69 0.984940689985423
9.7 0.971837986712558
9.7 0.949240438708074
9.7 0.998115536938283
9.71 0.960990018927438
9.71 0.947484853097043
9.71 0.995638740767916
9.71 0.969857994333608
9.71 0.916582565297091
9.71 0.870234369776102
9.72 0.83323335584864
9.72 0.886124639938251
9.72 0.949620740397459
9.72 0.945740590291203
9.72 0.912614218177062
9.74 0.848782643765151
9.74 0.813422989088051