miRNA ID:	hsa-miR-125b
Survival:	OS
Auto select best cutoff:	checked
Follow up threshold:	all
Censore at threshold:	checked
Cutoff value used in analysis:	290
Expression range of the probe:	4 - 3839
Invert HR values below 1:	not checked

Dataset
Dataset:	TCGA

Restrictions
IHC:	all
Gene chip:	all
IHC:	all
IHC:	all
Gene chip:	all
Molecular subtype:	all
Grade:	all
Lymph node status:	all

Cohort
Cohorts:	do not use cohorts

Results
P value:	0.1158
FDR:	100%


p values vs. cutoff table
"cutoff value" "p value"
176 0.549407727935022
176 0.516197351718021
177 0.512839146544881
177 0.511993866870785
178 0.497866553717282
178 0.469291422732662
178 0.45228019263865
178 0.44029206252198
179 0.437893694081167
179 0.436332929150633
179 0.434659888110992
179 0.429429546285579
180 0.426437033779943
180 0.315857099774578
180 0.313427645298784
180 0.299940842099277
181 0.296667513430278
181 0.295821401819569
181 0.295235014015115
181 0.29199832346545
182 0.290186286470435
183 0.280571156878837
183 0.278720058008345
184 0.276500113475612
184 0.271264719154939
185 0.25989636425108
185 0.201884492005551
186 0.198976138136091
187 0.264189736553006
188 0.264189736553006
188 0.264189736552999
189 0.256699540371612
189 0.342573301978252
189 0.33549508119469
189 0.431906615683484
190 0.424096679624679
191 0.421183129889461
191 0.416495906125531
191 0.522032673686212
192 0.50813087976367
192 0.504893990148787
192 0.50443193205644
192 0.500413890755364
193 0.4978829579022
194 0.492334221977719
194 0.611593856079283
194 0.724335739239148
195 0.702734671772481
195 0.683191994387747
195 0.656075354264504
195 0.614021681858893
196 0.506370727712517
196 0.504606364192693
196 0.503802100237823
197 0.501293821526023
197 0.498123264034956
197 0.493017333935925
197 0.481630045950778
197 0.467950397618331
197 0.42564300993944
197 0.415493226240522
198 0.403042951035904
198 0.403042951035915
198 0.37304104508783
199 0.349289029404733
199 0.331601153840349
199 0.418091832371164
199 0.40621662127748
200 0.401755289493494
200 0.385361227824636
201 0.383678813876381
201 0.383006320908117
201 0.360974077324432
201 0.440811794614394
201 0.477411304621969
201 0.596090484723667
204 0.558799663694613
204 0.558684703275639
204 0.555688458144853
206 0.543243403584057
206 0.540949513983584
206 0.646083026394783
206 0.642223762807676
207 0.772426985869114
207 0.772159604392039
208 0.757789187684269
208 0.750580026886796
208 0.748943347610537
208 0.746002808619421
209 0.717164875024046
210 0.716373738900319
211 0.696575105475932
211 0.696575105475923
212 0.670774000549722
213 0.663925471399797
214 0.65896500852175
214 0.609262231824216
214 0.605365978167959
215 0.600623254486018
216 0.471515445343824
216 0.553511775330569
217 0.522003663294802
217 0.515193260740557
218 0.502795326693231
218 0.502688369629402
219 0.611403148011323
220 0.606674452662211
220 0.587721192231659
220 0.584701118885888
221 0.580077842855155
221 0.561561674683335
221 0.437148844108658
221 0.422349736507589
222 0.416166415197987
222 0.401505838826214
223 0.38411676790369
223 0.483452257472189
223 0.557273567819771
224 0.671340462021383
224 0.661552899370265
225 0.760924351248132
225 0.875948789902676
225 0.872146696275677
226 0.853248468751703
227 0.847133562105719
227 0.820134488939784
227 0.816398901796135
227 0.878958991908589
227 0.862831896099257
228 0.825546991645942
228 0.78789241002565
229 0.896542348620701
229 0.840924700058156
229 0.950970560540233
229 0.941883969035308
230 0.935504919177113
230 0.933840029583077
230 0.901699072150086
231 0.889435694474043
231 0.882186566181936
231 0.876923829562898
231 0.859837730114947
232 0.842834493736321
232 0.823544776150259
232 0.784478702471582
232 0.779573581299731
233 0.764142275935166
233 0.894336356504139
234 0.818276067629682
234 0.816246175887562
235 0.800634689518542
235 0.797307153224665
235 0.79730715322466
235 0.793663292316255
236 0.787976466867749
237 0.880376623458654
237 0.991732993557083
237 0.864108538677037
238 0.753212199431397
238 0.784131739519811
238 0.710069588599349
238 0.713302172565338
238 0.717374058882639
239 0.759380121369983
239 0.778259934245003
240 0.834254535830938
240 0.837619083112642
241 0.712240154730143
242 0.715773699210814
242 0.715773699210811
242 0.71577369921081
243 0.758617162805951
243 0.764050843723944
244 0.764565690352279
244 0.880243814207628
244 0.880373447617599
245 0.884636372126318
246 0.89087877600883
247 0.89087877600883
248 0.908270701247279
248 0.911671357237966
248 0.915073090066405
250 0.945488563860865
250 0.949226846395953
251 0.952174264909071
251 0.952304729232129
251 0.952435192969904
251 0.988305687883933
252 0.931397806198694
252 0.928470866219804
252 0.869975521153331
253 0.856894917786459
253 0.841337940629451
253 0.837524225779283
254 0.835792762670119
254 0.968219695706543
255 0.965731245091458
256 0.965731245091452
256 0.960521486973581
257 0.941187235643031
257 0.925387660200025
257 0.923904962593387
258 0.920206455847936
258 0.893674292230046
258 0.974817106421434
260 0.971106141296576
260 0.967396219061579
261 0.964013798540001
261 0.950159223524012
261 0.917391446880828
261 0.910986077771212
262 0.999030086414627
262 0.988090073311519
262 0.987827735136349
262 0.97203097082626
262 0.895921416489381
263 0.898096712006165
263 0.784951777417499
263 0.789420953890396
265 0.795443086630081
265 0.83881272876174
265 0.711192544965542
265 0.71466364664414
265 0.742009000916178
265 0.750419080840117
266 0.751179177044858
266 0.76734181859576
266 0.778917493454846
267 0.785120350537857
269 0.79975002746251
269 0.818490505743173
269 0.705163217657756
271 0.7056560193275
271 0.721836525471139
271 0.728325603405327
271 0.734184486916909
271 0.740270164042985
273 0.741153357924064
273 0.632459556286503
274 0.526454875409718
275 0.552597519065342
275 0.450040908162743
275 0.398144918533295
275 0.419669929876635
275 0.442316066172565
276 0.359127864972381
276 0.372247164165764
276 0.299728983385329
277 0.301800341741555
279 0.307172602986993
279 0.319044030620189
279 0.322840076175295
279 0.324724651120637
279 0.33433878949725
280 0.336663299265539
280 0.338598046172432
281 0.342400403183596
281 0.366443020450739
281 0.288658726600974
282 0.291962349117383
282 0.292890961042196
282 0.296345718939623
284 0.296806533159286
284 0.29849733034446
284 0.315690958658826
284 0.35586838398758
284 0.358278737914824
284 0.360590729336751
285 0.37457565745195
285 0.392762398941814
286 0.3950949649945
286 0.406921200544361
286 0.410450016844466
286 0.346242258635751
287 0.268073263749499
288 0.280133479191962
288 0.285940200537165
288 0.228255203784221
289 0.231150332933509
289 0.212884820799018
290 0.158973814860992
290 0.115805141055147
290 0.133843172963217
290 0.138805033281717
291 0.140036141112403
291 0.1421991341031
292 0.180309206032208
292 0.18725678410894
293 0.193222830852882
294 0.215154316225422
294 0.233086841390013
294 0.235916290992821
294 0.255960435655268
295 0.274322856984127
295 0.301422332306549
295 0.313275483067188
295 0.387272232423349
295 0.391524534240967
296 0.397110970841992
296 0.397756721080211
296 0.400326353172575
297 0.400975085507024
298 0.404597195395547
299 0.412492959819582
299 0.416038641151353
299 0.447649225929519
299 0.450158282410239
299 0.456770944613887
300 0.461128905197195
300 0.50236789039948
301 0.505167700548139
301 0.510107347795184
301 0.537312306752227
302 0.542061558939925
303 0.542061558939929
303 0.545255387940949
303 0.552159632273636
303 0.616595206888109
304 0.621312536767473
304 0.66880148042922
305 0.671042663409291
306 0.565193836422086
306 0.567273797405875
307 0.466780448956151
307 0.374742108071855
307 0.37951894532924
308 0.380608359030103
310 0.392109667025355
310 0.433670593014385
311 0.438710178264028
311 0.35346057841855
312 0.366012759417585
312 0.369825969124092
312 0.383021084567971
313 0.385413055225204
316 0.387926204536307
316 0.310838990928359
316 0.320277221012098
317 0.329900179813816
317 0.337182974673055
317 0.340929747420075
318 0.379131723003956
319 0.41600003168342
319 0.454903691225853
319 0.488906622967842
320 0.403500520028928
320 0.483823621078075
320 0.422535286494341
320 0.43508182496714
321 0.437329259773714
321 0.477421726769803
321 0.480153440654163
323 0.491437906221142
323 0.503911958147323
323 0.520797814430082
323 0.520902110950957
324 0.523765537756705
324 0.540993104851057
326 0.543780016100737
326 0.559856641235265
326 0.562307091176138
327 0.565423275925235
329 0.570490027920708
329 0.58074183301879
329 0.589652160194232
330 0.612825878275285
332 0.50226662188584
332 0.51076555943247
332 0.51076555943247
333 0.51373270298305
333 0.605314303462715
333 0.606731849064191
333 0.612375837901473
333 0.628718057279435
333 0.637988920163751
335 0.691453803363909
335 0.702379159386109
336 0.718553950842972
336 0.762993536021324
337 0.763117373633664
337 0.790492134970442
338 0.801114949472621
338 0.845836436445313
338 0.851764498639191
339 0.867426166155503
340 0.893987501366887
341 0.98780027856528
342 0.943818659902072
342 0.937946552190955
342 0.890641379576766
343 0.885204121386904
343 0.858395057469774
343 0.855311821317164
343 0.851923042637905
344 0.848209667495148
345 0.847136397836143
345 0.833283576806425
345 0.829584520565591
346 0.824406388182164
346 0.955646141786406
346 0.949095061529057
348 0.942773750453043
349 0.939338937653688
349 0.899246374717604
350 0.895660786471701
350 0.895660786471704
354 0.975711275867518
354 0.891217575049233
356 0.946785689201916
356 0.948015461808951
357 0.950539046695939
358 0.985634117106323
358 0.989419831470938
359 0.993574911549706
359 0.904841456333208
359 0.906916918006089
360 0.934029115906101
361 0.960161171835895
361 0.82955236517017
362 0.830080081856493
362 0.717554645916738
362 0.723704415498532
363 0.613074922958276
365 0.621000000950871
365 0.623491892245427
365 0.67540824214474
366 0.678562080481501
367 0.678562080481499
369 0.681435003540083
369 0.686302771440808
369 0.567680933765796
369 0.595181477068477
369 0.599601760056323
370 0.60304538491295
370 0.489132225063264
370 0.504019040744509
372 0.508238017952531
372 0.408306627635985
372 0.431340794363223
372 0.33979562725951
373 0.342279784892892
373 0.344660537102294
373 0.373472919663983
374 0.375771418679846
374 0.37807877580429
375 0.387023684906939
375 0.361064056142946
375 0.371744306077764
375 0.377977430314843
376 0.38065321582208
376 0.402877333456607
378 0.322314450741259
378 0.323763167207989
378 0.331341033203971
380 0.341459160802716
381 0.354093934083645
381 0.356025844674686
382 0.366634006010118
382 0.407847507675461
383 0.417302384379239
383 0.332745298653032
384 0.334322625790747
386 0.337646031680365
386 0.339922656407437
386 0.349375518466348
386 0.35159817559044
387 0.353829970539986
389 0.359232495050833
389 0.368390730597825
389 0.372638338416599
390 0.374438453202223
392 0.374801866100168
392 0.379413184330732
392 0.383590420855191
393 0.386694565936927
393 0.389298683964431
396 0.42006841458885
396 0.421063508559086
396 0.41637118483259
396 0.441302678048177
397 0.442549776575703
398 0.454848620208654
398 0.479451568575385
399 0.389147975037432
399 0.394091509833924
400 0.399595766106158
402 0.426381188896798
404 0.434705911242341
407 0.437415202099271
407 0.343188046017457
408 0.346237840981971
410 0.356838262970032
412 0.367418883748442
412 0.369974609071757
414 0.371589730245166
414 0.374164150851561
416 0.377934661144962
416 0.335681572793199
418 0.338097976600243
418 0.274909670935624
418 0.22468008976591
418 0.225547214575201
418 0.230468681111134
420 0.233834648757169
422 0.236891513764469
424 0.240206232435435
425 0.245925622404854
426 0.258056596576456
427 0.269021796273373
428 0.273057279321122
428 0.276480033371449
428 0.276553849262469
429 0.295998282991703
429 0.331665349326077
429 0.335592432235439
430 0.337317585682619
432 0.339547295695956
439 0.349931104508425
439 0.352217216294534
441 0.364411157045659
441 0.378036592511899
443 0.384932182467021
443 0.387605124363074
444 0.389720077392651
444 0.391627052718203
445 0.302467922403618
446 0.325867636692429
448 0.329628839499084
448 0.335946771323358
451 0.339925719264863
451 0.340099846426428