miRNA ID:	hsa-miR-21
Survival:	OS
Auto select best cutoff:	checked
Follow up threshold:	all
Censore at threshold:	checked
Cutoff value used in analysis:	16.26
Expression range of the probe:	12 - 18
Invert HR values below 1:	not checked

Dataset
Dataset:	METABRIC

Restrictions
IHC:	all
Gene chip:	all
IHC:	all
IHC:	all
Gene chip:	all
Molecular subtype:	all
Grade:	all
Lymph node status:	all

Cohort
Cohorts:	do not use cohorts

Results
P value:	0.0178
FDR:	over 50%





p values vs. cutoff table
"cutoff value" "p value"
15.34 0.55348130771027
15.34 0.514756672896531
15.35 0.54663155040711
15.35 0.543386630113078
15.35 0.609807497033127
15.35 0.549220129632203
15.36 0.60000486341346
15.36 0.579839866800259
15.36 0.542071412481343
15.37 0.601844256086083
15.37 0.596187891410043
15.37 0.650033220188353
15.37 0.730486389450448
15.38 0.665169526903498
15.38 0.639366843925756
15.38 0.719299649390987
15.38 0.678168050977174
15.38 0.615123047025311
15.39 0.658381012965367
15.39 0.629650612099656
15.39 0.612658393856262
15.39 0.593648651796952
15.39 0.652015779484709
15.39 0.610053020276429
15.39 0.589591009052811
15.4 0.663973673002631
15.4 0.746711117124701
15.4 0.72856146134129
15.4 0.696784567906638
15.4 0.764948111470262
15.41 0.831121838783772
15.41 0.902276165653653
15.42 0.95507283473378
15.42 0.931505213110117
15.42 0.992015272678627
15.42 0.976514802999242
15.42 0.956419459683122
15.42 0.955851282807512
15.42 0.912074975692171
15.42 0.988616209625707
15.43 0.93177524361865
15.43 0.955852834555216
15.43 0.886827445976679
15.43 0.940707213645127
15.43 0.980324798257108
15.43 0.981296589929981
15.43 0.975018957807155
15.43 0.893572481826989
15.43 0.924111003167941
15.44 0.845583066504678
15.44 0.875860245011952
15.44 0.905294983940524
15.44 0.92434572988079
15.44 0.947638155304916
15.44 0.934753597635148
15.44 0.979287152718582
15.44 0.972468459703861
15.45 0.971695667227315
15.45 0.953026467276807
15.45 0.964223846610042
15.46 0.987155738083306
15.46 0.96209055496444
15.46 0.92127616410488
15.46 0.883796761730759
15.47 0.848912851206745
15.47 0.8318575401546
15.47 0.912267634312894
15.47 0.995117924573819
15.47 0.944761066758574
15.47 0.973241469296091
15.48 0.955038445951475
15.48 0.979260324139228
15.48 0.964994198139551
15.49 0.915748273202165
15.49 0.897129827567771
15.49 0.957415913189216
15.49 0.954937839188557
15.49 0.908847007431939
15.49 0.94767657333905
15.49 0.909335308462119
15.49 0.894042068772657
15.49 0.860633867595776
15.5 0.912656534250258
15.5 0.876007668816581
15.5 0.812680426335805
15.5 0.876038295212855
15.5 0.823089822685211
15.5 0.789215921632165
15.51 0.782826027238391
15.51 0.719459280739946
15.51 0.682489644959224
15.51 0.650516451680843
15.51 0.62216888383586
15.52 0.690862238174999
15.52 0.674341354144429
15.52 0.631930354246151
15.52 0.59908560586581
15.52 0.596917290383252
15.52 0.557840465874046
15.52 0.521940793687267
15.53 0.498476023765779
15.53 0.530572697054136
15.53 0.495041711093762
15.53 0.463805913726231
15.53 0.520579958691078
15.53 0.559888605224931
15.54 0.521853452896763
15.54 0.569962250221917
15.54 0.549275993198054
15.54 0.609911046316861
15.54 0.655668206756572
15.54 0.616010866323386
15.55 0.590260540575323
15.55 0.656808606302512
15.55 0.639305632047958
15.55 0.628312060090629
15.55 0.59058380874099
15.55 0.559899368557757
15.55 0.524617138399028
15.56 0.48811996951649
15.56 0.477818769728336
15.56 0.45080445405698
15.56 0.491603464220945
15.56 0.467171807915516
15.56 0.503759922844767
15.56 0.548908178776601
15.56 0.459397591871119
15.56 0.432743785296474
15.56 0.404210457036807
15.58 0.463436853872814
15.58 0.447597171650873
15.58 0.433348344622122
15.59 0.401188856587192
15.59 0.37494469050994
15.59 0.35063753899326
15.6 0.322872454661066
15.6 0.310281653759331
15.6 0.288005191719617
15.6 0.252958485014252
15.6 0.246612644579054
15.6 0.222843971736053
15.6 0.193761308996652
15.61 0.179564851546106
15.61 0.206322680708087
15.61 0.23364293535757
15.61 0.216285103999031
15.61 0.203664947870805
15.61 0.179065081355837
15.61 0.208208589953698
15.62 0.187914394818865
15.62 0.167577515828709
15.63 0.192220130937342
15.63 0.190124122653319
15.63 0.173521089383245
15.64 0.156118512826459
15.64 0.180966353989396
15.64 0.179989861893988
15.64 0.212519235864747
15.64 0.196289762676589
15.64 0.180487031169008
15.65 0.166140613331551
15.65 0.157508022378453
15.65 0.15377953529006
15.65 0.148228630681605
15.65 0.142223050620309
15.65 0.171869237953751
15.65 0.164418940221577
15.66 0.154256931251529
15.66 0.178211467921036
15.66 0.202628015562125
15.66 0.22687292595607
15.66 0.265198138308976
15.66 0.279101529034513
15.66 0.296729027796705
15.66 0.273132001728941
15.67 0.251245031013405
15.67 0.243951721591405
15.67 0.226698207993391
15.67 0.202602099041933
15.68 0.233289067488913
15.68 0.224337279605161
15.68 0.264663607214372
15.68 0.254871271606704
15.68 0.201181992038333
15.69 0.184912024268633
15.69 0.220723707284096
15.69 0.215024378260467
15.69 0.199092699827497
15.69 0.188887742410998
15.69 0.171234419264046
15.69 0.15532667390705
15.69 0.142734459198013
15.7 0.131721198626476
15.7 0.158192079222035
15.7 0.139060061347579
15.7 0.12483733702021
15.71 0.124798024602805
15.71 0.118138662298765
15.71 0.117987157371219
15.71 0.115764772153084
15.71 0.10045285766111
15.72 0.119107572959808
15.72 0.134183144935907
15.72 0.158607042787542
15.72 0.152013304010798
15.72 0.142630010733568
15.72 0.165314645330342
15.72 0.195554223040101
15.72 0.179324503381179
15.72 0.163296539328767
15.72 0.140551729754464
15.72 0.127579562036515
15.72 0.117729958533161
15.72 0.142603082483479
15.72 0.12826836533995
15.72 0.128268365339951
15.72 0.141398527829068
15.73 0.141290021291133
15.73 0.130847899491822
15.73 0.124842207072959
15.73 0.120361324185995
15.73 0.120284864316968
15.73 0.117113246274197
15.73 0.106863381011085
15.73 0.124300913433436
15.73 0.144566301054276
15.73 0.16437286854207
15.73 0.193530837957622
15.74 0.187110838044361
15.74 0.180590348625579
15.74 0.177751527635279
15.74 0.177751527635283
15.74 0.166556164681202
15.74 0.198321456314165
15.74 0.222197282659364
15.75 0.210052093715867
15.75 0.209935391540178
15.75 0.201989866702359
15.75 0.193908749707443
15.75 0.228068381090864
15.75 0.211306357002554
15.75 0.206830289789021
15.75 0.201854432435995
15.75 0.190238884198955
15.76 0.171451364353898
15.76 0.162661258741741
15.76 0.192429425786409
15.76 0.192402162940836
15.76 0.189458038453659
15.77 0.171449703807068
15.77 0.170913778090683
15.77 0.170274581092906
15.77 0.170149533294221
15.77 0.198887626134316
15.77 0.18020963621047
15.77 0.208644865321553
15.77 0.182257139500001
15.77 0.214752377881669
15.78 0.203463010516189
15.78 0.239090843546661
15.78 0.236442005340193
15.78 0.258208762519565
15.78 0.235600621663826
15.78 0.222665208971217
15.79 0.244533141952401
15.79 0.235764219961882
15.79 0.235637375042603
15.79 0.21532511221881
15.79 0.238531343056693
15.79 0.276072681621134
15.8 0.254794783651581
15.8 0.298843909540697
15.8 0.287676786102785
15.8 0.266722864254294
15.8 0.311197801442101
15.8 0.280517327443349
15.8 0.25831870188347
15.8 0.237693867517345
15.81 0.221996298885495
15.81 0.255157790930659
15.81 0.292438676681749
15.81 0.268982647348493
15.81 0.310830752594525
15.81 0.274389636202199
15.82 0.244080291977948
15.82 0.265133950248226
15.83 0.307556172224025
15.83 0.352406688303321
15.83 0.341347008693266
15.83 0.391639127861169
15.83 0.427182068146098
15.83 0.458504142075559
15.83 0.431522751961467
15.84 0.479468443502782
15.84 0.473607616796716
15.84 0.441708090889991
15.84 0.501894721720135
15.84 0.471478083044774
15.84 0.423918179906849
15.84 0.403493603078193
15.85 0.378471392970499
15.85 0.3665558300716
15.85 0.35460939084247
15.85 0.399817179560258
15.85 0.371209162134232
15.85 0.348551081916171
15.86 0.325731123853835
15.86 0.320243112860132
15.86 0.307902056498258
15.86 0.344869136647182
15.86 0.343472721336027
15.86 0.317932613367798
15.86 0.29644483925408
15.86 0.325821748859445
15.86 0.293335963350721
15.86 0.316070949275526
15.87 0.349149020332392
15.87 0.337996775598239
15.87 0.324308767034249
15.87 0.312462040947451
15.87 0.302145561228685
15.87 0.348012535443693
15.87 0.347084134008153
15.87 0.400248039787765
15.87 0.375595587478684
15.87 0.408249669622817
15.87 0.455892990917197
15.87 0.428909070528731
15.88 0.487194952426175
15.88 0.475797534378584
15.88 0.450722224152561
15.88 0.441158952887099
15.88 0.41340435993614
15.88 0.375459133608342
15.88 0.421623619480792
15.88 0.454242787436606
15.89 0.410573592922188
15.89 0.400286365933393
15.89 0.387166789744628
15.89 0.440130861432113
15.89 0.41869013138331
15.89 0.388850261494087
15.89 0.364256797435583
15.9 0.329900866457699
15.9 0.380745532935117
15.9 0.42938703916738
15.91 0.395129819292467
15.91 0.37986343666322
15.91 0.371647939951277
15.91 0.36011430235139
15.91 0.414867573459161
15.91 0.390970132867916
15.91 0.355703803029653
15.91 0.400201705309118
15.92 0.377568944593073
15.92 0.358588269282185
15.92 0.403789511828408
15.92 0.391834077483024
15.92 0.365289601411734
15.92 0.417205367780412
15.92 0.439795232504538
15.92 0.428306766083934
15.92 0.398458411496455
15.92 0.369878274278124
15.93 0.414211571736497
15.93 0.467990270199657
15.93 0.447380641278493
15.93 0.416164721205369
15.93 0.416164721205365
15.94 0.379362180810657
15.94 0.369902943700795
15.94 0.347777448850339
15.95 0.333121526405366
15.95 0.383155301780089
15.95 0.440803325733634
15.95 0.48845107643878
15.95 0.473954403857351
15.95 0.461501963416927
15.96 0.443895881865796
15.96 0.463409616636982
15.96 0.450382887069338
15.96 0.433478327331723
15.96 0.432404230564522
15.96 0.39925796975233
15.96 0.375328249059945
15.97 0.344913344529957
15.97 0.386035617643332
15.97 0.373493972060709
15.97 0.358521396421859
15.97 0.351539287513412
15.97 0.392849402376201
15.97 0.35557310676033
15.97 0.398824930323808
15.98 0.373365692275075
15.98 0.361190683741253
15.98 0.332781733165355
15.98 0.324495387535731
15.98 0.365232244147199
15.99 0.415105862547587
15.99 0.407794302089409
15.99 0.396949261962906
15.99 0.365311434258643
15.99 0.420667169219214
16 0.47580638059833
16 0.460118195537413
16 0.439502904658777
16 0.478373310575332
16 0.445898348821264
16 0.417450500186644
16 0.376460415003729
16 0.352645444502241
16 0.400760963504984
16 0.375387723640263
16 0.350858853928722
16.01 0.369447743791479
16.01 0.368597136912994
16.01 0.424817141051958
16.01 0.453089458194278
16.01 0.441202005626032
16.01 0.426993560266949
16.01 0.395530598019934
16.01 0.365472281533272
16.01 0.400938265662108
16.01 0.367318711748149
16.01 0.332624226691388
16.01 0.305054718368573
16.01 0.300690852052364
16.02 0.339441098715745
16.02 0.389691090016785
16.02 0.358809522531292
16.02 0.333444153220392
16.02 0.310504134475186
16.02 0.342566464672699
16.02 0.357316502294283
16.02 0.322309303654094
16.03 0.295700654118749
16.03 0.285830433487739
16.03 0.274907076048953
16.03 0.264966161997526
16.03 0.258077935904787
16.03 0.237016226465095
16.03 0.220349777909134
16.03 0.23580821942145
16.03 0.271803280206803
16.03 0.291514377717922
16.03 0.273334262531709
16.03 0.31242884102618
16.03 0.28620012000653
16.04 0.27442306269513
16.04 0.261908255647246
16.04 0.250116814106815
16.04 0.240076407898799
16.04 0.22766962260673
16.04 0.207497339233696
16.04 0.205443383792901
16.04 0.227667437718983
16.05 0.241056902903214
16.05 0.272201977708312
16.05 0.255548356419407
16.05 0.245761148212728
16.05 0.240857519262981
16.05 0.2230315920375
16.06 0.208758686479555
16.06 0.202895026946709
16.06 0.19057546983137
16.06 0.178488750226854
16.06 0.172091226377227
16.06 0.203122076504458
16.06 0.190305247060754
16.06 0.207911995471704
16.07 0.1909085701284
16.07 0.223990840169727
16.07 0.215211911328597
16.07 0.206180253059781
16.07 0.198174166259866
16.07 0.237137827494628
16.07 0.228913135750873
16.07 0.209189726169421
16.07 0.192160994105869
16.08 0.176147637053901
16.08 0.158753998270132
16.08 0.142940099980612
16.08 0.128998646679038
16.08 0.156276123961674
16.08 0.183573762424424
16.08 0.201658954202122
16.09 0.187078674858115
16.09 0.176615031908114
16.09 0.212165663461657
16.09 0.195621815795519
16.09 0.214382742493381
16.09 0.25402263416056
16.09 0.241927645744337
16.09 0.277021197158408
16.09 0.254196380099967
16.09 0.231826583391348
16.1 0.211172765849728
16.1 0.19959467855656
16.1 0.208911105675468
16.1 0.201993909833162
16.1 0.239207478207336
16.1 0.219077030489427
16.1 0.200288899447132
16.1 0.171410362729535
16.1 0.195262262400113
16.11 0.224473264690641
16.11 0.214821892844353
16.11 0.207976148567835
16.11 0.232677520153731
16.11 0.27273345417707
16.11 0.242752423896406
16.11 0.218438202122938
16.11 0.20195097939726
16.12 0.195894673371604
16.12 0.189810856649781
16.12 0.170537049712552
16.13 0.182513945583891
16.13 0.175184592890672
16.13 0.204298465684702
16.13 0.198283072934762
16.13 0.192785531848745
16.13 0.191204800325681
16.13 0.169665538992661
16.13 0.154551176679994
16.13 0.142989215061396
16.13 0.12022637827854
16.13 0.135197684897499
16.14 0.162102890025034
16.14 0.153289960125902
16.14 0.174976162030185
16.14 0.167122331105835
16.14 0.199670446099273
16.14 0.236468470285836
16.14 0.216108301744554
16.14 0.197372330834283
16.14 0.172581170918035
16.15 0.202282510055527
16.15 0.191820951584591
16.15 0.190939341673242
16.15 0.186630219972159
16.15 0.169383754410768
16.15 0.154045730633479
16.15 0.140408104724573
16.15 0.124691195194125
16.16 0.151454904274738
16.16 0.179220717968025
16.16 0.171516800635308
16.16 0.169441872337037
16.16 0.159440955632065
16.16 0.149449193321907
16.16 0.137865880653817
16.16 0.125108568220895
16.16 0.14212153979084
16.17 0.135999501964315
16.17 0.157710073251256
16.17 0.190202857418583
16.17 0.190202857418574
16.17 0.186176848509833
16.17 0.166881014486989
16.17 0.14938296858372
16.17 0.135939436217741
16.17 0.122902647224816
16.17 0.105256022176323
16.17 0.0911528745518711
16.17 0.0768914689837099
16.17 0.0716042782334853
16.18 0.0612333174090738
16.18 0.0560884374079508
16.18 0.0526193202201782
16.18 0.0521920596554884
16.18 0.0462102666087605
16.19 0.0521913390334767
16.19 0.0497393827166206
16.19 0.0466726750154718
16.19 0.0462839498403429
16.19 0.055343252117696
16.19 0.0687081814610006
16.19 0.0804992591713192
16.19 0.0730145357788504
16.19 0.0919961723473152
16.19 0.0835134023927689
16.19 0.103707788511371
16.19 0.0966514523049932
16.2 0.117458884716309
16.2 0.116983867780559
16.2 0.140968679522188
16.2 0.127693551312304
16.2 0.152300664054553
16.21 0.134863249646583
16.21 0.127143338072646
16.21 0.10809414949192
16.22 0.127703186515684
16.22 0.121995904502909
16.22 0.107733651162199
16.22 0.0990834439968817
16.22 0.0876634940908262
16.23 0.0960671780144016
16.23 0.0959117266531811
16.23 0.0905317429625723
16.23 0.0903080969459027
16.23 0.0786840567148611
16.23 0.0889199277460994
16.23 0.0776951364737123
16.23 0.0963630955772782
16.23 0.0877309514588793
16.24 0.0874180378169002
16.24 0.0779171482154717
16.24 0.068011487106542
16.24 0.0596324906706521
16.25 0.0501396351509775
16.25 0.0467266391150924
16.25 0.0434873048824941
16.25 0.0407578763665383
16.25 0.0381706883200693
16.25 0.0337401226773615
16.25 0.0294777225470966
16.25 0.0271060025410899
16.26 0.0232309333760034
16.26 0.0208027442228981
16.26 0.0191322573322707
16.26 0.0185144117560137
16.26 0.0181025945669807
16.26 0.0178496844535946
16.26 0.0232390080720655
16.27 0.0312715120647278
16.27 0.0312075673059212
16.27 0.0310462243535398
16.27 0.0275563196468324
16.27 0.0367572751363931
16.27 0.047104964468793
16.27 0.0444397402013418